3.916583 1107
3.719462 1276
7.302155 49676
3.948522 6987
5.410256 1713
5.451766 1472
4.897923 50311
56.58327 38465
3.871931 3859
5.359047 101506
3.673152 3458
3.64566 14286
5.392986 17548
4.634221 45027
4.086412 15873
5.43965 23551
4.265636 48901
5.394718 1319
5.920909 22577
3.866488 6229
3.723038 22184
8.070767 70696
5.662779 8571
3.8792 13538
6.348381 81406
5.444791 35519
8.24586 47038
22.187635 59105
3.832206 2138
4.233187 13956
4.178857 4367
3.794451 1508
12.034434 25289
3.627401 19936
3.660577 3835
3.663193 3053
14.312176 25986
5.812327 8493
3.624427 15405
3.691649 5547
3.782809 48409
6.348729 37408
3.76817 49498
3.61149 17812
3.766763 242
9.739951 29793
4.112156 28567
3.86733 20188
5.539282 19223
3.666909 12060
3.7972 32177
4.610692 17961
7.104982 80256
3.947677 5715
4.750503 45776
4.623772 7961
4.620051 24363
5.674674 18447
3.967525 33009
5.430447 21172
3.749619 6405
8.481269 22430
3.794821 26275
5.392362 1792
5.97725 10470
4.038184 21561
4.094237 15441
4.747287 46234
3.602896 484
13.336074 5544
4.520148 321
3.922661 9835
3.651973 5993
4.068008 26453
4.516378 64257
3.667967 93
3.610598 3368
3.602712 3659
5.557812 101037
4.798634 3703
5.057416 63597
3.751251 16213
4.03906 12568
18.044555 26168
4.303551 303
3.7613 41818
3.815958 7253
10.392907 4612
4.035898 18285
4.293389 5574
3.874853 9964
4.280636 16366
8.589167 21891
4.041787 29481
5.923921 36810
20.075521 46959
9.901091 5816
3.73237 13409
4.714194 35025
5.39069 2155
5.010061 58821
3.73187 134
9.020858 26152
39.513519 45021
10.058706 67640
7.77553 48511
4.507952 11297
4.203435 8124
5.284189 78774
4.199697 64727
5.503676 6246
3.944847 19400
3.983369 20332
4.230899 48481
3.737034 7746
3.67891 5745
6.784465 34038
7.323796 86445
3.643125 26401
3.663734 2504
3.844649 14589
5.99424 34796
4.167386 6050
5.200363 70464
7.248425 24911
4.210812 17693
3.640266 17971
4.657443 48943
4.336146 16003
3.61571 875
5.58541 27637
4.54366 22464
3.741339 34186
5.921956 13430
3.845502 29086
4.450949 27811
3.881044 43552
3.618557 14515
4.398287 30139
3.857325 27758
3.914805 16421
4.216168 31885
11.122832 69984
5.283177 34166
5.438607 50222
14.129977 21298
5.394659 4866
4.76216 48690
3.596284 214
5.59011 27291
12.609559 37047
6.413087 98047
34.426838 32340
3.642649 1303
3.782594 41994
3.953987 21905
3.811684 15285
3.908146 49775
4.044076 18715
4.114311 739
3.82429 11137
5.616536 35738
3.65347 36802
4.322699 23873
3.986363 18238
5.066373 17050
3.61107 33050
5.745356 101872
5.266953 17345
4.037178 8938
3.786368 1037
3.580383 22481
4.240326 4185
14.492498 18680
4.938769 2819
4.588846 41337
3.905931 21
3.862696 3512
3.9405 27329
3.663887 4584
4.080879 5700
4.091564 1765
3.884616 17924
9.7474 12038
9.629202 45209
4.106167 41479
5.464078 6043
3.901056 3685
10.429028 6200
4.029613 25807
3.976946 4498
3.796429 5203
4.500748 23308
4.049638 7641
3.772448 1690
5.505836 35397
4.493279 14489
5.915602 66625
4.455099 46785
5.566486 3635
5.477069 45235
3.682341 5796
3.953303 28261
3.857915 30507
4.772088 51438
3.966621 15636
4.552155 17527
4.456537 66468
3.911707 35598
6.757946 98593
3.936448 16625
3.977805 12815
5.214314 47896
4.330913 25129
5.128031 45059
5.031773 51543
4.883926 6660
4.090167 25962
7.078879 15957
4.480526 43764
5.723389 22650
4.911014 2576
3.598665 720
6.16516 5558
4.197755 7217
3.816687 30801
4.873476 13136
6.481449 45311
4.407732 60182
8.474616 54411
5.240353 41674
4.602046 4352
3.790328 571
19.972832 10064
3.830663 9469
5.78209 81633
3.621345 4665
8.915687 14903
4.161022 40614
3.873809 3829
4.561581 47118
5.241514 95862
3.726203 4401
5.347698 58478
4.99751 69815
4.28933 57883
3.812544 42516
20.287308 51573
3.725285 3660
4.473977 7916
3.855906 749
4.330307 39311
3.878261 15552
4.538342 75542
4.024117 8221
6.048657 44496
4.043095 9117
3.646865 20800
5.851125 52992
3.957514 4505
5.101437 92253
23.731317 47442
5.620902 54536
5.644748 35587
4.240016 51734
4.285527 30264
20.662806 97659
5.386439 1338
3.583035 14004
3.852795 43367
4.448517 42293
6.502065 82540
5.143183 32533
13.765797 53422
5.935396 64213
4.091516 36820
3.93463 6082
44.895101 91122
4.972201 5863
8.201714 6010
3.805671 5331
3.644484 3584
3.514266 34663
3.791228 3662
3.693942 3097
3.774293 4616
3.565485 15327
16.117138 43193
4.132168 37819
3.882789 6747
3.733222 7880
3.933768 3064
6.640021 101622
5.780516 33566
4.53531 90568
3.895271 5782
8.048745 28711
5.57355 210
5.510515 18620
3.7555 3447
3.597986 2523
3.994968 46446
3.608436 34292
3.967322 30468
5.137007 16133
6.614922 48422
3.544704 350
4.23982 952
5.40324 49398
5.563165 18398
3.76105 5873
4.11333 5422
3.627054 15790
3.837858 11599
3.567925 1615
6.057577 38674
4.393525 82269
4.047977 9278
4.052983 1847
4.18279 7697
4.652616 45511
5.743114 41160
4.637554 2272
5.638379 31947
6.304086 23089
7.61652 24164
5.609878 47174
3.638873 4200
3.921578 13132
3.682662 2659
4.407879 51126
3.680352 17052
4.054733 1934
5.317008 77856
3.788102 16702
16.13693 65834
5.957042 44486
3.624639 22
5.361457 1287
4.223468 64362
4.661517 41858
5.503815 25621
5.705605 48574
4.011119 14138
10.661729 30070
5.614897 42913
4.096201 15973
3.879595 719
5.511997 39388
3.85936 369
20.987229 15508
3.971026 1710
4.465075 16005
4.516276 58200
8.652142 4856
32.445024 30099
5.255413 98604
4.400106 41401
9.677859 25755
3.895895 27286
5.814283 14307
3.698837 14922
3.642996 3472
6.231182 3111
9.74191 389
5.378232 1279
4.080442 4349
3.908226 13549
12.048623 14279
5.417643 19343
5.620541 20294
20.370511 26776
3.969963 10248
16.558246 43323
6.001897 80626
4.173954 18932
3.622626 634
5.162105 72205
3.940821 36334
28.167048 65214
4.185998 6117
5.810189 22133
5.431982 2208
5.469427 42197
4.364702 63690
3.913993 28264
4.062261 1414
5.408859 16992
4.307618 51921
4.105182 14963
16.217291 11938
16.40898 37866
3.942478 23903
4.096268 1638
5.390883 5900
4.198906 16544
3.937054 873
3.772021 1748
4.06788 31575
4.207725 49680
3.503758 9027
4.514948 61175
3.702617 16063
3.577668 2466
4.501478 41030
4.698688 48836
44.094488 78551
4.160095 36038
3.682362 10453
5.886358 53628
20.93306 40680
4.412217 32646
6.03577 24457
5.006204 37123
4.072632 14685
5.570307 17550
3.894443 18399
4.080145 45681
6.428239 83402
6.145615 3607
5.517764 29906
5.747565 17611
8.741641 24518
5.782537 3708
3.601212 27243
5.821624 2214
5.3476 5483
4.2377 17495
18.229015 40077
3.723362 35716
4.159375 32898
4.340652 16497
4.25539 13813
4.076539 23610
4.020806 9073
3.733779 4050
6.296753 1605
5.595936 14086
3.821749 24649
4.719954 5643
5.174126 101453
5.347119 86808
3.850488 3042
3.699688 258
3.913307 16025
5.377974 33341
4.34262 4448
4.290974 52180
4.410932 52185
4.547497 46058
3.864195 1968
4.706746 2935
3.810515 17700
3.739455 32871
6.797482 85821
10.324397 58986
5.669017 35968
3.885641 6107
5.799325 15031
3.680525 7073
3.8997 83
4.142139 26424
8.474352 42614
3.893617 16475
11.404234 45800
5.723775 13618
3.659814 8572
3.649706 3732
5.865455 4099
5.643037 30218
4.014218 3500
4.300973 45620
3.913996 23007
4.785492 35439
3.846746 5201
3.950794 7857
4.000871 1026
4.334937 22333
3.708971 4522
16.788766 18152
3.720343 27447
3.737742 2636
9.736036 47651
10.809594 53953
4.366783 5872
15.111942 34905
7.735499 37239
27.034489 53305
21.369883 41086
4.041567 35592
3.948144 12893
6.060483 14279
5.550549 50106
5.4026 18330
4.622764 66252
26.976437 37663
3.610969 15780
4.049868 14514
4.167921 45273
4.019883 2247
3.617706 15205
5.77254 21216
21.582179 91975
3.679111 3163
4.046437 29694
4.458535 21503
5.639483 28
3.635949 25725
3.94575 3848
3.895066 22770
5.489317 3931
5.593849 69610
5.077282 82501
3.539974 12624
7.16146 46583
10.519468 30845
3.809134 1915
3.976267 3978
4.580564 70173
5.416395 68596
12.419448 16464
5.726071 15652
5.885839 1137
4.417376 28033
5.732622 3937
8.772531 10996
4.031539 55793
4.346895 26117
5.150536 55818
5.121433 93728
4.57842 52542
3.600197 927
4.469102 29067
5.451945 46459
4.406363 34233
4.80384 70911
5.489983 10349
4.018413 15949
3.763515 17831
3.756783 2874
4.445584 44862
4.596861 34348
3.645592 3810
6.344086 96633
11.010526 56171
3.586326 1301
17.164666 18802
11.05179 18700
5.986065 22129
3.613671 4994
27.70952 22222
12.124356 34523
3.694686 15987
5.6249 50231
4.639344 49491
3.558877 13455
3.942339 50121
5.517206 5312
3.805449 12081
5.803263 13754
11.763004 46615
3.74517 26556
13.053422 23679
4.170644 10853
4.745385 45770
3.695128 3602
5.420714 47772
3.771792 5163
5.536339 5054
4.862749 39083
3.584176 3748
5.537769 17163
28.185959 89811
21.357089 60470
4.078151 10978
4.187264 36199
5.547274 2800
5.767812 361
5.771486 17288
5.389943 15519
3.6418 9945
8.311701 6071
13.955944 36998
4.856547 78297
8.031486 17367
8.72159 49035
5.675622 16390
3.730221 8859
13.786285 41629
4.688027 39120
4.033256 2125
3.607659 508
5.256026 17225
4.346551 24056
3.905692 1532
3.588877 44591
28.284422 99313
4.172968 17636
3.622399 6092
3.597342 4210
5.813864 29651
4.004549 35760
4.109122 92782
5.597006 96500
57.555613 18885
3.470983 49470
4.00677 34524
3.963807 3577
5.97085 30874
3.873366 13152
3.59002 37354
4.045968 52331
4.042709 14621
10.104581 16631
5.58227 53337
3.690158 19082
4.228043 14845
5.605863 17450
4.12919 48545
3.669616 14744
3.581417 27672
3.619639 16131
4.235524 29959
3.665666 47119
4.43966 37860
3.632316 21040
5.822225 1467
5.299423 29421
5.966526 65804
6.488995 24696
3.816821 5045
3.791047 3312
4.708072 9317
3.421376 1708
4.365417 15170
3.974272 41631
4.269288 53505
15.911239 99852
3.63662 3635
5.034891 51359
3.611562 7189
3.774729 16090
3.911845 14808
3.998509 5544
3.210898 47862
4.523133 1396
7.135279 1895
14.122083 93926
4.198917 25611
5.060671 52617
4.332183 493
3.888729 1923
4.384082 13461
3.685111 23177
4.950112 57302
13.446317 2956
4.574239 46604
3.540959 35662
5.553038 6631
3.872318 50802
3.570889 22372
4.023536 45961
5.750757 67968
3.219809 46471
3.918573 9532
4.206813 46182
4.148686 24996
4.433451 70847
4.116387 37459
4.355266 28548
4.113322 39320
4.318575 45533
3.830166 45075
4.780514 60616
27.110693 95313
3.624054 12632
5.573067 2946
4.046765 11679
5.447018 34242
4.119515 12103
4.244834 2647
4.625381 53764
6.822556 32408
3.74109 33045
3.893315 9773
4.264839 37654
4.781469 57473
4.508261 56877
3.648235 11498
5.184028 422
4.502966 58003
4.253369 26183
4.042034 53599
5.689116 81799
5.54362 4904
4.526411 14855
3.732296 5289
5.046636 3733
3.450995 17414
4.505634 93895
4.496473 48028
4.128567 2867
4.515016 53710
5.830169 28953
19.642449 50274
8.962601 36769
6.213607 18519
3.710355 27475
21.032249 49674
4.12114 43922
4.269413 45563
3.908624 35905
5.635567 4539
4.48743 15391
3.972653 30263
5.498621 36995
3.590027 51182
13.030079 27839
3.668132 18212
5.142135 3686
5.098881 5725
4.531397 44159
3.453467 1197
5.490935 5869
4.033973 1132
3.830411 25719
15.093734 19434
5.484104 26023
3.54562 33798
6.968391 29636
3.81447 71495
5.716743 26596
8.966904 101199
3.310011 14998
3.266668 3473
5.317233 19169
3.253478 11266
3.366399 37223
3.54794 17498
3.762249 14343
3.651312 3014
4.652552 91451
6.939907 33485
3.585188 4030
3.390313 39182
31.785128 95072
5.752852 13490
3.729002 97005
3.099937 21
3.53266 32978
28.068987 28073
5.425412 44206
3.40027 3476
5.038012 1255
5.359624 26665
3.69016 13747
3.462625 15620
4.078253 92582
4.171606 15698
3.267118 5584
3.626646 11965
3.785693 6018
4.851654 49710
3.741798 13528
3.363083 19647
3.244284 17777
3.485836 1629
3.791557 77682
5.557454 40385
3.452781 823
3.597609 32435
5.33943 43641
5.176443 44980
5.553919 30729
3.603887 17763
4.036119 34021
4.076373 52015
5.463582 5936
3.716591 15740
4.127427 41201
5.442038 16409
3.631337 1821
5.751288 45366
3.920927 25516
3.381299 81415
3.305438 36397
3.686366 52112
3.627774 3586
3.649824 19042
3.402491 36295
3.631946 6743
3.766934 18421
3.86383 36265
3.770239 32912
4.221545 7709
3.655791 21
4.543878 27166
3.210342 3891
3.63053 4380
3.683511 2794
5.230765 15480
3.883816 49041
5.49021 14993
3.838068 37813
3.678561 23032
3.471007 15404
3.445863 4887
3.716412 1110
3.595386 17576
5.577275 50929
3.251606 3710
3.850317 48542
5.638484 14368
3.459243 2707
4.16767 1278
3.923159 6044
5.082981 60033
4.238346 38709
3.937217 30335
3.871861 35047
5.440413 25850
3.449805 676
3.519134 5695
3.513781 7634
3.403848 2536
3.710774 2356
3.682123 4501
3.702091 14615
3.462338 2221
3.588986 12624
3.664396 5316
3.757473 29242
5.333268 21252
3.482158 13692
3.568232 16015
3.408489 50372
3.672601 11640
4.381757 18700
