4.304778 4387
4.151524 29764
6.0177 584
6.250003 39368
3.720518 1638
4.416495 17922
3.927005 4149
3.855891 12275
3.651714 4068
3.758864 26204
5.957984 84133
4.441879 16118
3.810797 19080
3.864863 14334
10.083138 26340
6.234912 5669
3.711989 32263
4.138831 36109
3.988439 9548
4.202602 17922
3.891969 37872
3.676725 9143
3.997534 17808
3.672732 28293
70.376939 72119
3.684606 21498
4.114653 5810
5.618254 31739
6.163936 89782
4.556176 41839
3.885992 9431
5.652402 8479
6.107204 95941
8.919022 26305
8.404826 44626
3.973057 12821
8.636376 695
10.855353 17671
3.679212 4468
5.568657 3274
4.55621 53005
4.280922 1915
3.969838 215
16.022736 17329
3.969844 24219
5.543682 52041
5.954667 1457
4.154116 17509
4.334595 15504
5.669758 16742
5.590118 32010
5.39858 75038
3.648314 6019
4.409485 53204
4.157755 6603
9.728965 17204
3.575456 14538
4.816616 1051
16.651797 37980
5.645044 1899
4.159115 5703
9.168182 17326
4.475761 32286
4.407159 50600
3.633095 9449
4.02763 5591
4.071754 17250
4.241254 5576
8.908264 14505
4.003133 35021
4.095945 16763
4.764672 53519
5.673096 9294
4.294553 4096
4.302854 3091
3.988651 1445
5.926251 33742
3.797364 27339
3.708909 13783
5.110271 309
4.497816 11714
4.31294 45929
3.75425 5086
3.794112 1205
5.757109 52366
4.422313 28995
14.809887 49269
5.046499 57796
4.600401 50074
8.230317 21773
3.901344 8835
12.516807 18768
11.959825 45457
3.797951 8245
6.015077 42862
4.572995 19038
5.550807 35870
5.269736 89440
5.593981 18211
5.649626 27416
3.77366 14022
4.228437 2696
4.961883 15783
4.202299 33115
4.910341 24512
11.828049 37464
13.196161 26744
5.659896 73693
3.673136 15359
8.527171 2726
3.746603 2475
5.452407 27914
9.211118 27794
6.018438 28355
4.144118 3863
4.155971 28039
4.752987 40791
4.404367 32474
5.782289 16753
4.052498 36029
4.380054 17897
48.041666 19056
5.200431 72683
4.282538 3356
3.933371 9385
3.829451 5129
3.754071 15718
4.020831 6011
14.10338 11495
4.053044 5447
4.35825 47264
47.474392 92104
9.793823 84853
4.18231 27492
4.000541 18608
4.246317 15740
5.992945 78145
4.271219 511
4.902607 4473
5.782167 27107
4.035487 14303
3.872778 3989
4.606101 47925
4.667035 3780
4.64475 49631
3.790658 12921
4.83822 29224
5.540002 44525
5.960803 16537
12.842531 19971
4.096513 37965
7.148963 49545
5.712761 217
3.638132 30154
5.555102 42948
4.049008 14926
8.967585 52842
5.952074 48950
6.734847 17282
5.681329 18461
8.065499 96895
3.957286 31472
3.791836 37033
10.504009 15978
21.772504 27788
5.551644 1452
5.229076 3386
5.682944 49811
5.631367 88891
4.621222 17355
5.856053 23505
5.077946 38658
4.902229 31482
4.947312 48122
3.79897 4483
3.886106 7275
4.189121 25581
4.199602 77
4.732673 74246
5.023904 38247
4.111913 25839
4.587027 3605
4.229832 921
4.930092 3443
5.247638 5175
4.308536 50293
4.285296 16292
3.606142 18849
4.131554 40540
6.011435 43028
7.357608 15693
5.541868 21340
17.410953 21884
4.435685 19799
3.755033 16588
3.970478 40887
3.67839 15339
12.997017 26312
3.957686 36458
4.160023 3547
14.339168 36790
4.290595 19349
4.715881 48163
7.104186 39996
5.837984 19361
6.837046 37944
4.06967 12226
5.043863 41305
5.366574 82722
3.981662 38310
3.951941 4330
14.223113 19371
4.449145 42552
5.768139 32809
9.52267 16494
5.725181 5349
6.229176 19034
4.513329 36246
6.17653 90456
9.808219 14867
8.890786 18364
5.898331 43322
4.981325 50742
5.681201 9409
4.342051 5580
20.864726 31385
4.184779 92
3.6552 12995
4.002404 32451
4.347781 47222
3.962139 3642
3.923171 2989
3.671471 8619
3.855602 13375
3.964395 10505
5.771721 19281
4.398468 24935
3.830495 17272
5.521485 23478
5.675825 20587
4.279597 4430
5.760649 28027
4.115243 42004
3.960308 14382
7.06345 47286
6.178745 12150
5.631099 96066
3.734572 27436
7.661337 32165
4.410893 6338
3.791982 3970
3.785084 29492
3.568354 33431
6.115905 38495
6.022894 3185
4.864859 791
4.713123 5048
8.343805 28447
4.208968 201
3.785106 4641
12.776268 89377
5.964837 6063
4.678119 51154
7.17237 43761
4.497925 28512
5.241797 68072
3.899242 5344
5.333748 18935
4.42131 15796
43.740939 19001
8.328234 44537
5.797861 53136
5.653181 5993
46.981832 16126
3.757245 7612
5.898281 13623
5.188007 17482
6.495475 81554
5.585604 32288
3.929077 1040
3.795215 1080
3.962155 34345
3.86585 15726
3.949192 19630
4.114127 20396
3.950024 355
4.569081 31561
4.431966 13136
12.248113 81046
4.224589 46770
4.146922 16387
4.005669 9868
45.136417 2940
4.814601 33865
4.629662 34545
4.113201 35791
4.795585 35525
5.810237 43254
4.397702 8500
4.5451 51114
4.504481 14102
15.926045 3486
4.241456 13457
13.228169 41608
5.040453 52758
5.769236 89339
4.362559 53841
4.656734 47158
5.216639 69565
3.620896 5389
3.89353 875
4.774081 55623
5.830476 33500
4.508496 18775
3.717881 167
5.244479 19148
5.169568 21
6.126021 12047
3.634355 5561
4.197403 1583
3.70021 17641
46.860441 25108
5.008978 47065
4.249993 39419
3.850513 1245
5.340368 71090
4.298055 5277
5.858568 97095
4.07544 16358
4.552837 46314
8.236763 33563
3.931333 32527
6.369235 60704
4.809239 11353
3.829098 2255
5.849458 4634
9.628169 21825
5.567474 17415
4.658462 3811
3.904471 2055
4.16335 12462
5.06623 3495
4.230446 26980
4.137116 8186
4.440416 39482
4.133272 18705
5.734837 42851
3.899791 22393
3.906698 4969
22.41004 12773
3.79467 21990
5.857961 25895
5.26828 75300
5.052601 85107
6.168578 21273
4.133945 2115
3.777768 16881
4.338758 18770
5.894774 90060
5.79516 953
4.065363 4856
4.044167 3272
4.673987 48683
3.774008 13541
3.859525 1312
3.940761 6108
4.820955 61599
3.667268 2335
6.381814 20535
4.872215 53592
5.734713 38236
7.702898 3515
5.514809 8764
5.65341 17897
5.526412 64288
4.233822 49746
3.895985 2520
5.366475 36775
4.135775 42803
5.329947 2453
4.357805 46354
18.837404 46063
4.166174 2593
5.592303 17336
4.402834 16152
3.607173 4027
5.985498 17190
4.001739 2960
43.733589 23010
3.897715 2296
3.736786 2980
4.003232 8116
4.048011 6266
3.617784 10775
3.833738 1229
6.498816 38655
3.739997 4857
4.001201 2841
5.003458 22809
5.678436 3719
4.469134 6920
4.260146 40598
4.285437 34748
3.705669 2674
3.831656 4858
4.800469 43306
3.815127 2939
10.691131 17789
8.700092 36130
4.398212 46171
7.50792 40944
4.141841 60721
5.421227 28430
3.933603 15732
3.76689 3087
3.801095 29584
11.600487 16906
3.756371 3705
3.906408 11179
3.830286 3540
4.022456 19314
8.40917 7988
4.483658 13515
5.13472 3442
5.226169 52019
4.03046 11522
10.664293 40893
4.145812 29335
9.346269 20522
5.99181 660
3.889221 23428
4.29069 2738
5.16935 28670
9.01646 22199
3.893707 3407
4.100719 13871
4.594611 54897
3.970371 24980
4.219561 48195
4.248649 15355
11.649036 52198
4.039641 15611
34.877486 20587
4.19595 3845
3.908207 47196
3.689803 876
4.594851 12368
5.853495 44958
4.233091 48569
3.994256 10735
6.374867 71056
4.464377 50347
3.96104 1264
4.317975 5745
12.70387 27557
4.088778 14177
16.771942 20347
3.787605 12332
3.882679 14161
5.998346 37437
5.877973 2747
5.978696 15987
3.904006 17120
4.235401 5601
4.697282 34583
3.732587 2141
3.92324 53377
4.468859 23338
9.392945 52831
5.467629 27494
4.056367 30833
9.260419 17509
4.030733 20419
4.325477 28143
3.818233 1715
6.215346 18535
5.683045 40570
4.178944 1728
4.465021 16450
5.305069 16337
3.764023 24456
3.746938 1692
6.13598 19664
3.905457 4731
5.704369 3870
4.008349 1228
5.378342 87811
6.065972 22228
4.161593 14329
4.373501 20686
11.366795 30834
4.249911 4946
3.7597 48354
3.841439 2368
10.614207 16107
3.902077 19131
4.112256 15026
4.136724 36
5.79951 25827
5.382557 87507
4.274743 14220
4.704554 72868
3.730116 2377
4.913189 36931
13.618895 3218
4.467153 30567
3.80675 41988
4.34786 7730
20.315206 87667
3.851902 7460
3.855792 3050
4.778682 51338
3.738895 24930
8.637705 60789
3.850868 804
5.183077 16944
10.483354 20011
14.433385 70937
3.911423 4900
3.906915 5317
3.79684 1433
5.147415 8471
4.249419 44413
6.082882 43890
16.744464 72291
7.649906 16398
4.197961 5546
5.734874 2190
4.212213 4117
6.414648 46816
5.338677 31994
3.763237 28773
7.760977 29203
22.426265 28353
6.306358 42768
4.504653 21813
10.658167 44466
16.784224 46337
4.259762 51399
10.032949 38959
3.770603 4245
17.953438 19175
4.353657 7917
6.745593 90813
4.378809 24735
3.880348 4647
4.441377 37179
3.661531 13237
4.087039 5568
4.190165 3867
3.916944 41908
4.886829 47158
6.465413 73531
4.519223 9543
8.064567 47182
3.926459 4765
4.941722 33086
13.761581 16228
9.097252 16656
3.947055 1862
3.912646 22667
16.72815 11068
6.312801 47089
6.369172 27947
5.666333 64022
4.974205 51553
5.546716 13048
3.971519 13009
4.246623 40899
6.116859 36165
12.980093 1702
14.524361 7449
36.50636 82936
6.59376 91231
9.954171 16163
4.698264 23694
6.660341 98974
4.291819 60797
4.686058 16911
3.788193 10136
6.027449 6216
4.369433 53673
19.999711 17395
3.90363 14916
4.111739 28478
3.933355 5479
3.839361 757
3.978253 21898
4.622763 56536
4.036677 34052
4.071702 12255
4.02861 2766
4.415006 33579
4.189074 14898
7.582392 100151
5.288014 34786
4.099892 16982
4.459002 53861
4.263436 15096
5.752966 44281
4.217362 26527
6.181928 48318
4.845249 9390
5.76699 5784
5.968429 17502
4.007231 18743
4.612485 44644
3.781753 35023
3.798703 5421
4.014555 8903
4.50373 15620
6.523315 13360
6.103004 5439
38.41927 49579
7.86962 37690
4.080994 12560
3.803137 2534
5.561722 79821
50.378702 33595
4.447168 26385
4.569904 34810
5.968691 58221
4.559902 18790
3.896457 14296
3.869506 1421
5.590065 49812
4.263855 7694
4.966384 50315
4.071053 7105
36.105986 8743
6.020783 48377
8.478713 22082
4.419903 6406
3.719263 18756
4.692442 46711
14.784952 33385
4.342477 40076
5.749483 50762
4.070155 4328
3.743189 26516
4.423646 1784
3.814345 9700
4.418127 30182
4.261264 32756
4.274813 11624
4.641727 36951
3.97976 44133
3.95049 23053
26.575617 39588
15.702147 80242
36.663219 623
4.085189 4768
7.285164 35735
4.699495 45555
3.792241 4377
3.804841 41918
5.087779 10388
32.410908 17230
5.89997 28587
3.90337 22348
4.113 39896
12.826797 37953
4.029659 40140
4.100817 47368
15.166315 87263
5.716781 19508
4.092254 31469
3.973524 6001
4.584496 28956
3.758723 30486
3.633776 19138
9.676862 36176
5.587222 13167
4.219359 16516
4.095502 8601
5.552828 64207
9.897911 41268
4.158219 14613
3.974541 15249
4.247242 48681
4.19552 22847
6.070272 78951
3.946222 52484
4.145779 18651
4.388069 55423
6.010853 16974
9.653518 19612
3.640897 2409
10.694678 29933
45.284279 27774
23.945447 11500
4.734661 16598
4.166929 32582
4.682741 40080
16.821417 58558
4.668955 45964
5.767058 10678
3.93694 15786
6.026409 86855
4.357646 3927
5.236784 60315
4.548055 40305
4.514715 49022
5.685689 40787
4.608038 59695
15.88197 50233
8.378035 36356
4.19024 13229
4.35822 48391
3.814981 16579
3.999969 3406
4.397838 3226
4.2087 3959
4.022775 11335
3.866367 16421
5.179174 4713
3.81316 10218
5.648838 100574
5.687189 14770
5.992471 39610
4.024125 5883
5.779802 24880
13.18938 28416
5.484605 36961
4.06747 10702
4.044454 3865
31.492123 18604
5.90981 31158
5.610726 11382
5.414048 13768
5.814362 1149
5.833966 96372
11.932745 32957
3.946586 38710
4.241506 28737
10.208377 29477
4.856507 28758
3.927754 10210
4.40237 18483
11.068796 44197
4.014325 15284
4.028049 10468
5.65604 34450
4.514798 62942
6.107852 97903
3.988838 26438
5.746458 13995
3.888846 2721
4.638412 38564
4.360705 52230
4.00805 49490
4.364634 27528
4.235409 21123
20.327483 14340
5.223959 93107
5.740312 886
3.890073 18510
4.086913 12748
3.800952 3588
4.097031 3790
5.236326 53104
5.540041 49351
4.416297 27554
4.462139 38821
3.746329 56
5.230917 60689
3.975787 16805
4.276017 60387
4.495927 54235
9.698609 6838
5.442851 18036
5.50244 39950
5.489866 16980
3.806004 42008
4.142231 29743
3.879866 23654
5.106897 51932
4.677987 6562
4.323417 29243
32.415055 25672
3.686136 2968
4.948612 63070
4.062197 833
3.707253 29178
5.7385 20345
4.029877 7175
3.792818 994
44.333422 98518
5.88334 35242
3.733234 3273
3.748462 10478
3.848123 23151
4.856396 72135
4.550766 50750
4.763035 1387
5.639979 13459
59.405312 18662
5.718174 18319
4.321143 39645
3.94402 3761
4.65706 49963
3.900653 36822
4.045968 39576
3.997617 7849
4.392323 31829
45.436265 74684
4.054912 1087
5.167932 3431
4.485327 49888
4.111577 53401
43.174551 17960
3.698 41756
4.398326 44066
3.767041 17498
3.961193 16719
6.019046 4010
4.048134 4667
9.82174 37298
4.847627 979
3.783926 18141
3.594078 713
3.891312 4638
3.924757 15919
4.072355 23112
4.255899 909
5.295242 2541
4.67587 52485
4.320236 8510
4.016099 38541
5.262864 48119
4.579572 40821
5.291179 83912
3.954397 26314
8.120495 45624
10.552663 36951
7.715579 31798
4.165993 34544
3.867521 17520
4.895884 1363
7.027956 30463
5.694005 25397
4.007164 19002
73.234425 26714
3.770295 18335
5.548094 2520
5.116501 101504
3.8889 13714
3.784282 8553
3.836918 5095
3.857421 32465
5.036731 18560
7.961138 51962
3.715635 799
40.022155 46483
5.255203 6913
4.086741 13447
5.836836 5331
5.059224 17298
3.626765 4781
3.848638 45752
4.237533 39795
3.834952 15731
3.985862 4302
3.870413 4456
4.292782 3700
4.147423 14762
5.688712 16397
3.876298 3562
4.152716 24731
3.647605 23346
7.362865 35496
5.771469 10895
5.521353 5177
4.262776 49665
3.951386 980
3.895339 7537
4.210669 178
3.729457 8415
3.827915 11170
4.638114 4547
4.87176 42599
3.935084 18399
4.155363 31334
4.011821 13954
7.552708 70479
4.701749 50914
3.638907 19074
4.56348 5900
4.341814 28483
13.364938 52534
4.101655 5270
5.406331 46703
3.881331 6001
4.040195 38976
4.511872 13699
8.733562 38163
46.116932 17657
4.92467 34506
4.484042 14546
4.153843 40603
4.08654 15099
3.836344 21514
3.865681 17621
4.829736 48748
3.808651 3530
4.083514 29076
5.705715 29397
4.177245 51547
5.714318 33151
11.23428 50924
4.645258 20318
4.192437 51789
5.626321 4614
4.212109 3146
4.43636 833
16.973161 89667
3.751612 2725
4.359234 48718
4.22919 3062
3.741847 5471
5.663631 25994
4.151274 23153
3.981617 37484
4.650916 29126
6.189597 50234
4.059101 13873
4.177835 29121
3.874892 15329
14.100422 44148
4.003792 2730
4.058255 19194
25.118856 53484
3.904742 1619
6.867128 3226
4.204615 18303
6.419119 13296
4.052582 4202
3.844878 5278
4.912837 58469
3.784044 8736
4.400709 14053
8.3566 42372
4.649866 50505
6.301168 86385
4.264412 14252
5.41756 22819
3.862857 13842
40.875767 41779
5.974318 15460
4.032382 9788
5.650587 2786
5.861215 46586
3.780794 1504
4.254476 30817
22.14686 49387
4.723347 14542
6.178607 37997
5.859047 19390
4.115091 33205
3.965539 17479
4.863008 48412
4.100048 52557
3.722977 8419
7.061061 17779
3.693661 42969
6.619211 75175
4.344878 2082
3.686 18635
4.231738 16109
4.070447 54047
5.592844 79748
3.775873 47776
3.900319 20815
3.893481 18684
3.698023 7963
4.086534 4840
3.753783 1044
4.580402 86123
15.709414 24594
5.118881 12164
5.888789 14179
5.164934 2048
3.739398 41311
6.60782 10718
4.553427 47014
4.894842 48983
3.805013 15775
8.986877 44432
4.366399 33096
4.1301 4691
4.158603 23250
4.628768 53502
4.388825 27412
5.588821 4644
4.161781 2603
4.457432 14299
3.680428 5803
11.976337 28699
7.097916 45457
6.202519 5410
3.669823 15673
3.715015 16029
5.033881 35753
4.317667 48685
5.175299 18314
5.939455 24629
6.28832 27511
4.703706 51376
5.106933 11015
8.496431 32723
3.748341 142
3.61068 2213
3.94529 19124
4.838381 74046
4.399392 52656
5.201151 386
42.259136 39946
4.419821 19234
3.682786 27338
5.884141 45988
3.725169 18501
4.052717 3015
4.563944 65580
3.779787 41541
4.840908 40156
5.524315 4255
3.991687 9162
4.576818 42637
4.102445 52372
5.980914 92768
6.133878 4371
4.67633 29453
3.981914 5530
12.523837 51000
3.808604 5545
4.360755 24197
6.118283 28383
20.748019 53803
3.908318 4244
4.077075 41249
4.019637 17252
3.735516 3075
6.073392 10505
5.107796 49773
5.497679 76997
4.09999 62474
3.898968 39539
3.968476 20598
4.147622 515
3.666242 6008
4.097473 18112
6.104095 2334
5.797053 53463
3.974898 14197
4.589133 19003
4.195785 4831
4.682243 53036
3.871469 605
4.092894 15692
4.38912 5317
5.904987 10914
5.676003 15334
5.542846 21
5.403089 4158
4.753858 23271
18.079084 7821
5.682386 5173
4.094287 7855
6.593299 82621
4.416591 18626
4.18888 11619
4.153074 25068
8.95809 23028
5.568955 7770
9.386732 33489
4.196464 41589
3.677068 13666
6.277903 26825
4.465128 24919
6.013102 27950
4.140915 1384
5.919453 14379
4.807956 38536
5.738939 10259
5.741174 23776
4.124187 29603
3.996465 46744
4.34327 25358
3.985769 30171
4.114045 40744
5.920839 82051
11.714451 81566
41.10986 99220
3.662865 459
3.785947 2029
3.717697 5596
4.938523 8711
4.425076 42809
24.978012 46936
7.710704 51735
3.743681 10634
3.745026 18551
7.654274 20001
4.591745 45225
3.925519 12422
3.964935 361
9.145366 27828
4.378097 4053
3.679661 16373
9.02252 29761
4.045164 13872
38.252824 5374
12.013909 94847
7.968 46671
42.628125 45114
5.707178 4485
4.786439 52605
4.282465 18467
4.454766 39282
4.015424 19128
15.690118 20886
4.199893 900
16.824816 36981
3.602707 3769
3.710416 4181
11.546172 48871
4.049683 26470
6.612121 100944
3.745559 18266
11.922167 41996
4.127047 4555
5.77591 92503
3.726907 25873
6.318553 28858
5.212922 5411
5.278616 47947
3.68592 14977
21.039851 12013
3.729902 1534
4.293939 17967
6.170361 24746
43.718984 37053
10.668709 13620
4.121037 6069
3.783701 20252
3.972357 24167
3.383595 53481
4.860018 49034
6.338289 81801
3.999017 6281
4.111223 598
4.03465 1868
5.761483 26589
4.202036 1107
4.451042 49725
3.842521 24096
4.026876 13472
4.502027 50479
3.229418 8847
4.909822 43888
4.261865 44261
3.933495 31643
3.488496 29256
3.509487 89825
5.541891 47271
5.118962 52827
3.339286 48340
4.402608 52037
5.748324 7309
5.618104 2022
5.581878 87669
52.424423 4598
3.852656 554
3.56333 49303
3.699484 28663
14.178874 6177
4.915759 72815
4.293145 1950
3.99756 14658
5.127918 40497
11.015165 41354
4.171121 15805
3.974839 2729
3.530153 27863
3.91351 280
4.066858 13815
4.822149 42952
19.451731 42394
4.413915 35129
4.190379 45397
3.752046 36400
3.51032 55835
3.500061 7021
3.663414 93729
4.713499 43389
3.31959 5163
5.493318 28061
4.41101 20405
6.508597 2293
4.538162 5507
3.784303 4546
4.652357 48878
3.668207 3618
3.803146 29847
4.348464 14880
4.487826 34730
5.754415 10896
9.387426 22244
4.629187 54922
4.363157 5957
6.712869 26685
5.408909 15620
17.668284 27778
4.303718 26662
4.059272 4314
50.914534 16082
4.186529 14087
3.722247 3543
4.165246 20889
5.879771 1500
4.388559 21676
10.31929 18729
28.905697 25744
6.279384 4334
5.600296 42169
4.11949 33816
4.895569 4629
14.568617 15903
19.713144 53652
3.649783 3401
12.062661 69304
3.94355 3662
5.130337 52700
4.479896 3238
4.14573 22741
3.900228 11243
4.598755 28385
3.679965 11227
46.578733 2954
6.435351 9991
3.733714 12159
3.850796 18495
5.831532 6695
3.999982 17641
5.253169 62961
5.417409 18705
3.996767 6601
4.947506 15030
5.005056 94754
4.005538 4331
3.816435 133
5.610754 34559
5.649192 67047
4.369537 43910
6.95244 78133
5.646886 3702
13.076558 75541
3.676135 2040
5.451987 57736
4.112109 2958
4.049774 33649
5.419069 47746
4.430109 36234
5.704097 37112
5.652283 86424
4.194403 67063
3.784834 3358
5.315919 33255
3.950663 10473
3.58227 3447
6.096257 2837
5.76746 15692
3.5748 17914
4.72964 6807
4.64718 18353
3.9099 5707
3.760396 3340
3.610704 28296
3.757831 3453
4.54368 14560
3.708848 10874
4.525655 5692
3.665922 19973
4.051158 1320
3.980405 38362
8.859859 44212
4.038228 14817
4.443987 4188
3.68897 18216
4.027159 20727
4.291286 15980
4.418488 28988
3.281674 18262
5.576067 2973
3.878149 33312
3.907862 3995
5.492031 11078
3.88761 651
5.654773 29685
3.894795 17062
3.373859 17274
3.942323 5105
4.270035 22374
3.899082 1943
7.400708 18334
4.240096 18705
3.800971 1558
5.585127 5257
4.297143 1596
3.939553 22047
4.281872 15743
4.134497 15457
3.875292 3448
5.597822 7063
6.075569 2551
8.950414 12746
4.007221 4483
4.382331 50901
4.301375 27922
4.055516 9497
3.639313 49221
4.602745 16690
5.543843 50241
5.602607 3440
5.509604 30302
5.001379 2274
4.440711 30912
5.78633 96111
4.230601 5451
4.035736 101
3.683827 17980
4.122311 51744
8.41946 21589
6.884996 1058
4.298527 17053
6.716525 5108
3.688005 4816
4.195354 15078
4.027717 21
5.66653 15006
4.277972 10799
3.874643 14730
5.815373 50818
3.404285 5444
3.583734 19630
3.728487 4587
4.046324 24820
10.849489 32648
4.247056 43060
5.202958 50575
4.01829 29027
3.509561 5783
3.985296 1781
4.2193 4410
4.982109 48097
5.787182 25799
3.877346 998
5.851491 47973
4.331698 19243
3.842341 20076
3.684671 44384
4.480997 52688
5.102752 34546
4.041114 53388
4.051391 34416
9.18694 53059
5.6038 13209
6.226252 19196
5.543261 30702
3.979713 36476
3.93503 18450
10.892741 2954
5.945195 75032
4.311148 14664
4.865527 57311
3.361737 29762
3.756795 95850
4.174519 18659
10.716139 52123
4.56517 41846
4.1267 31852
6.444658 30060
3.471484 37852
5.081699 62096
4.001938 23528
4.027685 9887
4.940543 91463
9.28702 764
3.659864 22057
3.958137 30908
5.67038 46725
5.586958 96
3.446966 46557
4.267898 23283
3.89784 4300
3.674902 14035
5.497733 6026
5.886569 17334
5.745282 2112
4.501724 1464
5.928787 92360
11.330121 46212
3.993381 13561
5.860056 98077
4.335369 43611
24.158631 42205
14.450598 13831
4.591898 51438
9.978605 19093
3.837339 1892
21.212474 58664
4.123317 3869
5.306681 14988
13.904744 46945
5.512883 2442
10.211562 50774
6.130753 3518
3.763343 4207
5.453513 13384
6.207847 73917
4.572009 37961
4.261425 36303
10.681246 76752
6.289916 76275
5.004429 28237
5.974732 43945
5.977367 33806
3.718698 13076
3.821427 4670
4.023559 42065
4.014989 1886
5.594327 800
3.619612 4732
5.419144 91403
35.871132 27091
4.378157 15020
5.450541 3529
4.93838 6092
5.739016 2370
4.412505 19842
4.317096 21017
3.805027 14859
5.847612 4333
4.486016 52690
4.317187 6261
3.720269 9468
5.54717 80527
4.746238 9677
3.948495 21732
3.694365 7073
5.55607 18303
4.280898 25447
3.668862 17455
3.968107 47538
4.021052 8212
4.851592 53802
4.132553 22452
3.719187 17945
3.720923 91446
3.709737 3955
47.540261 16959
4.399814 17005
5.789707 96943
3.943379 25475
3.976467 18074
4.252578 42622
4.290438 46994
4.01019 18824
4.11343 1071
3.907983 29075
4.158789 4348
3.755482 13855
5.294424 599
3.777014 34240
3.961755 34728
9.796905 47609
4.116495 64132
12.793438 47804
4.164717 24704
4.000399 10752
3.946539 18999
6.002856 32843
8.132629 87657
3.710135 37799
3.920076 16212
4.14781 6306
3.964203 33015
5.410856 52134
4.260061 40136
5.600552 11451
3.972438 15999
12.017403 51366
4.124375 261
7.594649 52684
4.774347 32784
6.022276 34882
3.838213 50783
3.834881 2009
4.293902 37610
4.148718 29184
9.134973 34963
3.87174 2321
8.998189 473
4.222212 52580
4.195536 53323
4.221385 44709
3.905493 38375
3.857267 4772
5.659535 12518
5.199998 33765
3.495517 20395
3.980655 27355
6.237626 1976
10.619401 16725
5.032978 13547
4.58334 39366
6.009092 63714
3.838514 22808
6.073098 90123
3.530529 41472
3.849233 26509
3.975533 31044
4.34586 51989
4.04121 28895
3.756427 3051
4.150881 7759
4.667591 17861
4.121979 14594
4.382599 44432
5.471393 14615
3.876221 3706
5.48675 14596
4.300168 17920
4.337708 54160
4.072063 26714
4.317194 28320
4.089161 11829
5.715701 3167
5.454022 4235
42.38363 47240
4.528206 9105
4.156251 11959
4.45785 2998
5.50977 25057
5.620838 24050
3.763839 4260
3.877856 38941
3.638581 23547
3.895681 34072
39.55514 17725
3.640832 65027
3.482272 34105
3.725182 17863
3.659426 2973
3.696917 7181
4.170607 1523
3.754092 17579
4.071793 22551
3.839944 16296
5.875945 45173
3.727617 3295
4.069001 6691
3.931437 34668
4.131386 13107
4.223402 55104
3.718387 3120
3.996759 7826
5.707175 94903
4.926588 10674
3.985275 13917
3.907673 18723
5.749138 2395
17.018498 30778
4.788865 30515
4.08329 1840
3.53492 408
4.287351 4170
4.015775 21936
3.728352 21
8.268872 1691
5.302472 2237
5.757032 16330
3.524418 11907
4.345888 44455
5.807755 99913
6.261718 38195
4.9829 19124
6.301295 16499
5.877864 579
5.383454 73478
4.09302 29245
4.037641 5125
7.982249 23886
4.255539 83890
21.982676 30528
5.680805 17115
5.986905 682
4.119159 16389
4.397248 18966
4.454623 19809
4.318092 46
3.760169 3743
5.606306 14998
7.643578 41869
3.529627 13655
4.880449 11598
5.354444 39319
4.008323 30484
3.305246 3034
5.265605 36176
3.939877 49975
3.876784 588
4.132957 16440
5.752567 61977
3.73999 16681
4.171533 7823
9.282211 988
27.761191 48459
3.770036 4045
5.403279 2446
4.142175 14844
3.78573 18816
4.160709 16441
7.4012 84840
3.591449 3146
3.807671 6817
3.686739 3167
6.415629 23766
5.652603 4947
5.708102 18298
7.289901 89078
4.350566 19596
4.374019 20352
3.797399 11952
9.215337 43382
4.617887 35925
5.980762 51668
5.644433 14773
3.955907 7538
4.072162 35353
4.673631 2884
7.898624 43306
3.801315 24111
10.540768 18128
5.771604 2447
7.09854 50187
3.69956 13886
3.851468 10367
4.469698 48239
3.760264 126
9.995552 48666
3.786777 16498
10.456076 26646
6.703166 3465
4.494928 16883
20.505995 35557
3.634431 15726
46.471869 21705
4.210052 39183
4.435865 16488
3.902963 10344
4.217496 19481
4.295564 12037
5.210568 59133
4.024649 453
4.010056 30721
3.421913 5925
3.954016 3281
5.397321 77307
8.46144 40469
4.795627 24273
4.666159 75801
3.813683 51649
4.127671 4390
11.368418 37601
28779.511034 3783
3.643802 14638
4.183389 27653
4.56519 52388
3.826383 36611
5.84231 2391
3.830874 14554
3.570882 463
4.427551 53211
3.58867 40297
4.119452 4974
3.812761 4693
3.97992 14729
3.770994 21166
3.836341 1424
4.132384 17872
4.065866 18684
3.71334 683
3.660228 5836
3.648037 45024
4.725541 19266
4.098319 32541
46.544808 26190
3.528072 4456
3.651665 31645
5.845236 18728
4.496284 44011
6.009794 31655
4.068624 18100
4.172607 13372
3.835929 3793
4.128161 37566
4.140263 1402
5.342846 75314
3.810657 17808
10.429633 45411
3.917172 6274
4.05129 50163
5.291618 24588
5.886513 28579
3.924055 7492
3.909752 31525
3.566163 34731
3.595813 1513
3.960626 5466
6.100867 4268
3.899291 27597
4.08908 1523
4.788712 4494
4.290363 26885
3.530373 39812
4.278733 31176
5.074305 30237
3.618791 5247
3.927913 20321
3.678938 42536
4.382273 33895
54.199165 13779
3.800105 2013
4.338883 19060
5.878101 81466
4.550739 9324
5.756808 5262
3.897565 17441
3.621477 25079
3.768111 752
3.554581 3639
4.898439 51626
4.069597 5593
4.127725 35955
3.584766 3172
4.161056 14216
3.503427 17924
3.90383 3637
3.386472 17340
6.134913 49502
4.406727 41867
5.769572 14956
8.422125 3151
3.983401 22575
3.499939 85876
4.626866 16835
3.630779 94675
3.798005 16478
4.641798 5150
3.727117 5544
5.355145 35757
5.328578 32772
3.462252 54334
4.215335 52743
4.364522 25928
28.435672 19070
5.538345 98389
3.681831 3433
3.981614 44505
5.690621 37795
23.813663 39967
3.718079 1767
5.363944 11435
4.768979 6252
3.660651 46320
5.568095 28623
10.815583 52627
4.246857 6043
3.410717 4435
19.209778 28740
3.992181 17664
5.472081 50691
4.477727 15307
5.012533 52201
4.252494 3548
5.306814 43431
3.701353 28391
5.414362 3521
3.695022 15517
10.55742 43270
9.285937 41131
6.723105 36354
5.56826 2791
5.020573 24909
6.748394 101318
3.849667 3635
32.1841 53271
3.921319 43612
3.780995 281
4.517812 50152
4.259889 17103
5.016355 5566
4.303396 43839
4.177582 2031
3.883138 27403
4.296319 37457
4.264769 28870
3.737059 8189
5.729403 77533
4.324057 8920
5.811638 8951
4.090628 17625
3.634094 3348
46.079705 17130
3.983241 1077
15.417721 52338
5.740622 4809
5.638872 11760
5.764325 4510
5.710328 4348
4.071186 36938
4.03122 19885
3.781899 10656
4.864043 35160
4.212675 26957
5.335814 19519
5.708781 70915
3.357803 5683
4.601233 44628
3.748724 15381
4.425082 46286
4.525024 2559
3.825577 101
5.438888 5919
3.436492 22675
3.475677 4919
8.843996 93999
3.582259 42634
3.417019 54099
5.427577 83109
4.847118 101724
4.625658 28888
3.57093 10924
3.600859 14213
4.476565 14456
3.818615 34586
3.639931 1935
3.973401 45459
4.413144 11718
4.736075 43803
3.845265 2247
3.622143 4346
4.252395 5713
5.89132 1578
3.842426 17501
4.137625 13220
4.256881 22779
5.17625 37094
6.973773 31117
4.273496 28801
23.44334 70782
5.655827 2746
54.505961 10076
3.76264 7208
17.07399 57010
3.982191 897
5.547134 2081
3.738641 3717
6.843996 47812
4.060219 1288
3.962573 9471
3.492186 20348
3.754274 26543
4.06199 2926
5.684039 101191
3.382471 17288
3.711518 35619
4.715343 62137
3.800185 13933
5.783897 15249
3.565238 6407
3.876859 3681
3.733449 15850
13.591248 48751
4.033545 43133
4.569518 29708
4.326891 40733
3.835704 1797
4.11458 25797
3.674571 13191
5.48521 44301
5.186014 23672
4.168899 23235
8.749795 694
4.721375 130
6.637641 91861
3.419104 31653
3.801185 23506
8.260876 87383
6.460924 10873
4.730435 2616
3.864805 15475
6.134111 15370
3.81741 4714
3.913141 512
3.862545 1479
5.536622 572
4.009275 32584
4.105332 28961
5.935594 22942
4.866341 1695
4.058903 406
3.548152 5947
3.832311 11573
6.177436 32729
3.792119 27651
4.041974 49932
4.681275 60132
5.686562 29953
3.454165 1271
4.196324 5185
5.642651 24188
6.262446 3189
5.333616 27016
4.634471 14573
3.563562 5684
3.699542 70546
3.856578 23165
5.668866 8571
5.519201 79867
3.869807 17808
6.128402 31563
12.512077 83690
5.579047 577
8.489362 22571
4.731298 5639
3.747513 13615
3.708611 4506
3.770629 42542
4.990102 3191
5.944277 34430
4.589707 1746
3.922796 2279
3.868964 5080
4.422453 15139
3.609003 18133
4.570737 16614
4.370746 6179
3.506617 38524
3.925598 18072
3.93679 10211
11.627013 2862
6.679591 46374
11.866526 49497
5.606729 15643
4.342978 32124
9.597291 70017
4.011535 11467
5.34877 44922
4.119768 2588
3.5405 32371
3.840798 1822
4.198391 52227
5.713722 11502
4.6573 28715
4.135423 19256
4.305078 585
3.469766 50970
3.990842 2514
3.787325 32099
3.740328 3017
4.644432 40110
5.848643 7419
3.827776 47965
3.84222 858
4.07254 42129
4.783481 89315
3.800629 50637
3.855878 51306
4.439362 6805
4.6766 75144
3.533787 31951
5.827952 125
11.804288 35578
3.851697 5609
14.240215 38323
4.254103 129
3.605465 41225
4.907654 4914
4.288026 43624
4.088076 10191
4.988709 80573
3.705414 16354
3.634007 11768
3.718727 20913
3.657017 16150
3.623397 14175
3.621616 14018
3.941438 291
5.307324 84597
5.537813 19384
9.64085 41727
3.672284 33911
3.707437 26980
5.186955 86978
40.099701 34340
3.737934 28251
3.909769 2054
6.037262 87239
3.480402 35528
5.882944 2549
5.192436 32698
4.234673 5200
3.400779 1234
5.873592 21216
4.460558 3609
4.78536 16193
4.173411 5797
4.425209 6603
4.679814 1736
5.937841 36367
3.802496 21839
4.202824 47669
6.065786 13695
3.814866 4195
3.653213 17834
11.816018 34207
5.540855 875
3.602669 3182
3.498341 2683
3.878719 9055
3.989621 16522
3.432954 33407
10.418444 23302
4.66638 27248
41.719455 8210
9.983005 29887
3.94667 18980
6.196211 58134
3.531538 11809
4.642147 44700
4.335701 78759
4.136084 84896
5.268709 32077
4.407377 17292
4.00639 8048
5.790014 19154
4.398226 2799
6.035916 6131
3.60498 5147
5.976632 51145
3.420067 15369
5.235208 20037
3.97815 39847
3.885221 881
10.190236 4180
5.916822 36145
3.556202 1261
4.226409 17366
4.133259 43885
3.571358 48159
5.983845 90307
6.249096 18911
4.055271 31887
3.911933 8205
5.388174 4557
4.182711 17351
3.945274 4582
3.543523 10684
3.413923 15667
4.372682 23558
4.111237 67698
3.935049 16827
5.547593 33521
4.128114 18532
5.595222 32840
4.472799 25847
4.410368 4253
3.833 101927
14.07678 46808
4.117173 1932
3.628987 15579
5.732829 7590
4.16624 30138
3.908036 41322
6.872394 40558
5.535939 11319
3.506416 18950
4.066612 16462
4.183184 16638
9.59139 18874
13.643934 21754
4.146524 13833
6.1984 3566
4.194818 975
4.503314 1475
8.51983 50510
5.948528 5363
4.476227 5063
3.850167 4029
4.160706 47573
4.822154 29208
13.330198 33540
7.97418 93976
4.149113 32234
10.523823 42028
3.683011 15678
7.595353 28129
3.733582 14757
5.127765 29755
45.223781 46749
4.072082 15310
3.490408 16833
3.484526 10691
3.97398 28352
3.811117 13771
3.536135 22337
4.469457 28903
3.565932 592
3.650973 39082
3.403651 49382
5.506935 10841
4.709318 38241
5.011076 2833
3.711685 2791
4.780536 13763
3.684133 34599
3.532895 449
3.879992 19148
3.655224 45583
4.571392 11222
3.739946 19670
8.118952 61836
6.973762 47212
4.200817 43102
4.184633 62702
11.045348 34030
5.292181 53186
3.897916 18323
3.60317 27261
4.112345 15042
4.49856 32949
4.845574 14357
5.946279 37767
3.950867 15286
3.981284 39097
5.802527 1237
5.330172 6014
4.736619 3459
3.717364 47492
11.692126 49192
3.879514 37338
4.142594 14485
3.60961 27998
3.474793 13400
4.069201 951
3.670889 44660
4.564415 38505
3.728871 7133
4.334263 12262
3.418023 43810
5.823304 22365
8.848366 84586
4.538533 44201
3.90584 11413
4.022066 31610
4.491115 7611
4.340327 15248
3.598772 48
4.987219 69303
3.66924 15412
16.944019 52268
3.76853 11350
3.744818 20257
3.961549 21299
5.139479 51531
4.222247 5004
4.351138 27380
4.847691 61686
4.129935 20126
5.382606 23826
5.453237 1429
4.101043 5483
3.929568 17173
3.730571 2788
3.788369 35786
3.567116 41021
5.828023 41932
3.668836 15845
4.469814 51245
5.77901 53622
5.406304 50064
5.753412 16389
3.836519 9384
3.545021 1633
3.771491 34542
3.65804 1002
3.194456 26191
5.670746 51714
4.565722 46205
12.570826 50237
3.79315 11257
3.626339 37844
3.767866 70763
3.435773 17928
3.835822 20514
5.414322 39068
39.647168 18062
3.994452 55282
5.710161 43687
7.354011 36822
3.677296 4029
4.042337 38546
4.12254 44088
4.462146 44559
3.720354 15268
3.853722 10877
7.654448 30529
4.994044 17101
3.789771 18838
5.27176 45166
4.086027 4458
3.46424 1550
3.744363 1840
3.602871 1663
7.122087 96133
3.517366 2604
4.01784 4099
5.566109 47910
4.089355 46873
3.931917 525
4.022849 29363
3.661887 13770
5.015679 68328
4.062279 52356
3.563482 3499
12.335552 42143
4.76054 46008
3.574965 2024
3.739955 3412
3.805644 23335
5.460862 21829
5.586811 16093
3.95278 10812
11.406179 52053
5.312454 18022
3.832405 18946
3.938399 19113
3.635838 20246
3.6977 6337
4.35732 16959
4.812262 44047
4.18439 16476
