3.845594 47
46.451279 13492
4.457449 53506
28.783195 62635
11.978329 39939
4.161665 1123
3.617627 8567
3.917942 5232
6.948741 98265
8.06376 35785
3.867902 26453
4.276861 58698
3.622609 24616
3.584043 17230
3.821106 630
5.290119 14548
4.206832 18454
6.542401 95628
4.572048 35475
4.17521 42603
3.932563 32338
9.895041 29166
3.830437 26856
18.48322 17635
26.300317 60449
4.509039 15833
3.649618 9821
5.036554 16224
4.954466 1719
5.968954 3481
4.077509 1873
4.732427 81786
4.269412 20658
56.214138 40517
3.904704 1207
11.551318 16961
4.119781 6302
6.248245 3048
4.05034 32675
5.078944 26157
5.051517 50145
3.617616 43971
3.635038 20099
43.171525 20929
4.765113 21114
4.177578 31867
3.66894 11353
3.657537 4081
4.388638 17893
5.416612 34575
4.176173 51861
4.174724 17927
5.306541 36621
13.744421 36083
7.415639 42001
43.450156 47939
7.783489 34330
4.509352 31062
4.019864 8914
3.816081 12637
3.810843 290
5.167198 2561
10.321429 52973
5.601989 76093
5.340777 6115
4.000304 4940
5.387763 50474
5.238169 4793
5.529305 10308
3.527881 2354
12.227662 19641
4.34917 23541
3.787545 43961
10.682334 41375
6.48573 97473
5.63669 29335
30.486673 27819
3.757506 9478
4.229437 18246
9.870138 42948
4.147644 5959
5.317415 3522
5.418051 66425
14.301214 79754
3.80294 8575
4.117545 11902
14.253603 82734
4.84541 49567
4.353867 41153
3.856066 2320
4.550922 51494
56.649287 44980
5.199618 8058
3.744858 1256
4.530083 39312
4.9163 53583
5.915464 1517
3.934886 6785
3.767483 14148
3.988821 37595
3.956258 38945
3.944915 17667
3.803424 1109
4.686715 47737
3.75908 1741
4.782718 14035
3.758759 6499
6.220598 50246
4.727911 50579
4.50879 2960
5.605189 5663
18.56739 65435
4.37001 27192
6.077304 85941
26.325553 22573
49.671412 1984
3.658943 5198
44.412838 26074
3.639477 14588
6.089241 42997
3.813227 6064
3.872567 4616
5.133517 3307
4.231599 4028
40.484872 11596
4.328735 51547
5.800059 69602
7.103489 16825
4.172727 29012
9.245085 16262
4.076049 10498
6.130953 73493
7.866767 32520
4.292559 12831
16.775888 3133
25.497085 16646
12.446596 60272
3.964596 14069
3.760664 35833
5.256468 21
3.80631 34458
4.167587 30245
5.622061 31649
4.001901 1010
3.723075 488
3.548 292
9.476284 58345
4.032807 3609
5.156059 55111
3.584481 3158
4.063285 278
3.954527 16722
3.619179 11589
3.616861 22552
3.794714 4838
3.861216 5213
4.543507 10973
51.758969 68392
5.096363 42674
4.831568 37396
3.82098 18570
5.174579 13696
4.381089 20070
4.076766 32791
5.084365 1973
3.948803 17994
3.795931 11293
4.149111 6649
4.055176 20109
5.059424 16838
3.649198 3484
9.210914 96727
5.41731 13738
3.503548 18080
3.777087 14577
4.648994 32422
9.37156 50826
3.804542 4564
11.993672 44082
3.886256 4430
5.587536 1067
3.921807 42668
5.039188 5243
7.939241 49831
3.665589 31623
6.083692 15683
3.725806 2577
4.193718 52039
4.183491 5134
10.30343 30541
4.738791 46683
4.052917 43664
3.756447 3810
4.540235 47167
4.009415 15451
5.743718 90724
7.536369 14982
11.221009 2742
40.98518 79296
5.195458 3917
3.832368 3151
19.39429 28237
3.981001 3342
4.49326 13964
3.896169 20900
3.976491 3695
8.804981 42745
4.513794 37606
3.713246 17828
3.918245 4663
4.63782 37572
3.786798 24223
15.050536 45570
8.522152 7858
3.924456 21125
3.821305 8218
3.946687 3679
4.620156 5706
3.786209 6112
3.75871 1475
6.879765 47660
15.912898 44307
5.653561 14454
3.664755 13150
4.114049 3867
6.568843 36468
3.781835 12053
6.112425 754
5.796743 50971
5.413249 8663
6.065984 42327
16.60255 15135
14.304238 47635
3.601063 9435
12.765357 16598
3.730934 10536
3.732353 5562
3.633468 5844
8.834174 2757
20.275554 1523
3.757693 40297
40.155767 16560
41.250847 37611
4.235388 36094
4.133056 14313
4.747677 42670
3.731373 10779
3.546096 10950
5.645414 101094
3.561728 4096
12.226293 53427
5.424646 2319
5.440008 4155
7.55491 28827
3.925402 36208
4.33383 48586
7.557505 17516
3.864176 1311
13.771827 54124
3.897038 19001
5.178264 4020
3.708182 13737
4.747805 14601
4.527319 40843
12.415196 4749
3.964108 22615
5.759512 41232
4.966779 46793
5.232728 34468
3.598693 2584
7.12026 84712
5.13658 17544
4.228103 44322
4.160706 23567
4.298048 15798
4.973552 25998
4.377085 47261
11.103133 1589
4.236671 28003
4.915542 28888
3.888773 14532
3.724233 18854
5.135658 16426
4.263956 19024
3.984005 4958
43.220282 53740
4.749393 66938
3.910818 1635
3.744971 2992
5.508742 5398
4.442365 29721
5.350571 16552
5.277187 1656
4.77806 78086
3.598208 878
5.57062 51265
3.914596 2444
3.821182 645
6.464192 43972
4.065309 8069
4.438765 30462
3.699394 2076
6.60457 19332
9.544707 72021
4.117035 31141
5.280613 22887
4.300514 17697
5.739553 9742
27.003718 34530
3.716646 5967
4.843159 45874
4.566889 43329
21.143829 5646
4.797323 2167
11.236735 33398
5.24893 41857
7.756467 37694
11.442959 75638
4.772894 33524
5.398371 1471
4.284683 8708
4.181716 14796
3.607097 3842
3.621277 600
6.531789 24175
44.279921 40707
3.751944 31642
4.613118 75
30.591657 4996
4.628221 27236
4.29404 281
6.069861 99021
8.193633 21128
3.770229 2736
7.179721 42982
5.436997 4143
3.903323 5578
4.0486 19344
5.425788 19135
3.697854 22055
10.330482 12436
14.500485 1221
5.453473 5025
3.541296 2151
4.301842 687
4.561575 46676
3.864733 16017
3.951355 2124
18.773316 9808
20.144064 51793
5.150992 3340
5.012939 4304
4.595148 5401
4.526812 23649
3.910151 42487
4.081489 8352
5.659012 2134
5.525654 3825
4.024738 4257
3.748152 3694
4.267163 1584
4.774197 59511
5.106053 44832
3.468104 22210
5.688089 42584
4.23917 18871
4.753042 47915
3.655311 14118
5.097503 78401
8.737517 34671
21.358995 11153
11.106102 2655
6.820297 25055
24.279721 16155
4.424001 530
4.411385 35818
17.596275 3957
5.203044 34154
10.087033 50300
5.951356 63835
4.500612 42315
9.498604 73737
3.82823 32017
3.883213 27781
5.543354 10298
3.525616 608
4.159061 548
5.568199 13864
4.056792 2000
4.927613 39411
4.251472 27684
3.630267 3172
3.772522 24147
3.732653 14127
4.438224 60568
4.390585 33700
3.79961 25454
10.488904 1229
3.627052 3820
4.000735 39636
55.05851 5417
15.9412 32816
8.114769 19648
17.893834 45503
4.069371 33689
17.268419 55044
3.723247 3504
8.122784 18922
5.949895 46076
5.347447 45246
5.328668 4285
4.788503 35779
17.566495 31417
48.53744 15750
31.535836 41578
5.21391 1764
51.3283 18122
10.41923 51277
9.168138 36368
3.622432 2505
21.054406 21635
21.204697 20810
8.867156 27397
4.329582 16929
17.35862 1329
3.893359 15733
6.336849 26471
11.741333 95888
3.954367 4301
3.873131 19014
13.602424 48010
5.095753 45005
4.320241 15812
5.562271 4408
5.781299 42359
4.187592 4497
8.619249 38640
5.156147 46835
4.507064 13973
5.884368 84042
4.127959 18997
5.935779 50167
10.066844 14942
12.86322 52934
3.929148 6072
8.289264 41574
11.650947 101684
9.571788 46387
5.848203 13187
3.897643 1842
5.302636 28143
3.73815 2860
3.621417 4263
3.808469 5565
4.93621 40849
4.75182 28228
5.346464 84699
5.613926 2614
3.986301 2288
5.751452 51983
5.440567 35521
3.50657 14435
3.968854 31981
9.030939 28938
5.58048 1846
41.851766 48300
5.447827 209
3.640018 4957
4.306936 18870
4.455337 16518
20.400935 18150
3.75455 128
3.705607 97
4.045475 27449
40.593206 95496
4.214093 47721
6.337811 19349
4.295913 11388
5.208943 54033
4.216416 9610
5.674405 13320
4.621228 14193
6.812046 21949
10.26715 25664
7.241733 37854
4.385709 53592
12.352692 46077
3.955689 18630
3.543285 5098
8.502983 6136
3.83625 8223
8.876361 46673
3.598379 39998
5.738713 52943
4.318893 1763
4.526406 61177
5.059021 65958
3.694881 36245
3.647769 6080
5.562204 545
3.925612 41
3.971055 3477
9.441052 26082
3.94739 42051
3.886084 14221
44.760943 10157
5.651594 49419
4.105324 24442
3.938045 27612
29856.93359 4469
4.265605 92
4.040165 19974
3.974501 48
9.90611 24593
10.06232 21941
4.04695 13866
15.874208 31826
4.907316 16940
4.735957 9831
3.747622 9931
5.284914 36731
5.201956 45933
4.794083 41607
44.570133 24379
4.169833 15643
8.957865 21741
3.715157 26704
5.575163 4328
3.869769 682
8.143054 18290
5.730708 378
4.617618 69
3.9738 37818
3.89639 18926
3.611682 19066
4.59042 65216
3.957038 5833
4.975222 83129
3.926671 16851
4.56841 10356
4.750203 53347
9.465539 16355
47.904197 49743
8.414983 39670
3.746017 116
14.773977 48740
4.356611 5234
4.025743 12069
4.480069 53455
3.910232 7987
3.851255 727
55.41911 29614
12.434714 63981
3.983193 14055
3.822668 47
8.685048 29969
4.227969 17161
4.00541 7684
4.157817 15656
15.953199 39310
5.281343 5464
4.287913 1375
4.498584 16612
4.162023 23535
6.714743 94567
44.442014 87118
5.137244 28498
4.226584 2997
6.094051 1012
9.285297 36696
3.700653 90
5.509308 15026
4.192136 53600
12.550275 2993
3.808325 360
3.971768 21366
12.266331 40511
8.899231 82591
3.597067 4002
8.117019 59616
4.518855 11508
5.555355 23871
9.638786 16595
7.64646 17609
4.23972 40088
4.405957 7160
5.525143 32552
4.122181 25229
3.935328 12983
12.786179 48131
16.054182 38595
5.484939 15051
3.821287 11199
4.336256 45033
10.001515 36334
3.759128 426
3.700781 6056
4.555352 25885
4.074516 2413
4.176546 19150
4.197006 8772
3.943957 35425
3.718908 2401
3.993635 5498
4.013595 50865
4.180452 45901
4.136726 8447
4.008093 11467
14.213171 35232
4.666372 46735
4.45166 13449
17.909597 87070
4.076541 9444
28.763282 15153
3.734553 7582
3.827612 1006
13.352965 34517
5.74733 16662
3.843228 14175
3.756488 5267
3.702842 14211
3.892092 45438
3.876881 22890
5.523829 23499
5.81298 5578
3.778907 19082
3.587864 5974
3.897632 15052
4.066725 3685
10.318748 27091
5.101844 14213
11.306833 38244
10.153335 76055
4.149638 38580
3.782047 3641
51.917265 38094
19.249807 21851
6.17074 14203
7.156023 22200
5.024999 15980
7.202291 22053
11.299684 25350
3.754155 1319
12.419608 26072
9.928175 26742
3.805509 6003
4.153114 32473
4.042386 36064
3.960053 4972
6.152498 98233
7.409787 53066
4.951204 31168
6.789534 80486
9.053808 5673
3.872812 32745
8.199397 25168
5.666744 3046
3.799797 20803
4.29362 7664
30.742733 43646
3.999 27035
4.333591 10213
3.676676 18825
43.28348 21508
3.750385 36
13.510539 2665
3.830964 13440
9.431823 34931
5.727092 2365
3.977355 7608
5.236299 51953
54.974337 20362
3.616324 4024
5.229947 57531
3.709761 15407
3.983399 17794
7.889769 33414
3.793493 32690
3.724814 14749
17.601471 4914
40.782656 4730
3.618601 12036
13.092804 29170
3.905332 31279
4.257808 53816
5.799715 93711
4.328076 21643
3.810801 5491
4.254002 2339
8.285328 2597
5.446654 531
3.673361 26282
3.539609 448
3.508404 17040
4.019887 5745
7.700058 53204
5.370564 37311
5.494159 7693
4.573501 41856
4.019711 13574
9.310214 24770
3.80101 1011
4.009008 1044
41.88718 84327
3.919202 14567
4.10121 11695
10.257344 17970
3.804607 3170
6.058079 83641
4.128039 57656
4.596174 4621
4.261376 42965
4.130882 41465
3.874391 52512
12.171389 90295
3.671369 11254
3.861519 14959
5.734561 16978
3.879535 13875
5.787621 35099
3.511612 1594
4.207417 2051
4.04573 42548
3.610519 13931
8.898907 38369
3.868942 15220
4.796191 38257
5.129346 53198
3.477563 16080
3.796192 28922
3.7164 3863
7.736382 50802
6.178298 28901
20.852684 49847
4.825013 44187
8.518057 29519
5.074695 1606
9.530388 39561
3.796787 37052
4.033845 45666
3.736328 1589
5.669531 5359
5.209949 3081
11.802404 26831
23.562467 9311
5.356306 54689
15.056362 20103
4.199082 9551
4.128539 39451
4.176464 19412
4.216521 11036
13.496153 59821
4.604972 25085
3.866168 6077
4.265396 4716
4.644725 31209
4.675726 11564
5.605971 74750
3.827627 5159
8.55316 22631
4.793429 35006
5.864606 14102
4.475425 22546
5.391275 5608
3.770424 11822
12.499475 23969
5.135107 51505
4.279074 4490
5.7932 985
4.060507 2047
4.158763 693
5.681526 39964
8.314354 76301
3.72312 22091
3.669306 4930
8.22922 35276
3.746955 5696
3.542084 61
6.884183 27966
5.362474 643
48.14567 37253
5.423918 79
4.515201 43996
5.925209 15702
4.260051 13776
4.236687 58179
6.213646 17057
3.742728 989
3.971118 4252
3.944053 17991
3.732498 17596
3.520315 246
4.395652 35228
9.462943 28051
5.492904 84597
26.417315 47757
35.949454 37332
14.503225 50437
10.479106 49252
3.720287 14177
4.429792 33014
4.796492 13341
6.124012 2309
4.330754 13363
4.402188 45688
4.086494 1653
3.634393 21439
15.684738 38803
3.548691 2812
3.801422 17944
36.773669 28873
5.868484 2933
4.476646 46481
3.677685 9698
5.709665 46046
4.068283 11356
3.658978 16982
4.399212 51137
3.894101 4402
4.089552 9939
3.829289 6313
3.980083 2446
9.391119 29626
6.890068 16210
3.949258 554
4.400261 50103
4.885723 55241
4.416719 9874
5.226794 42411
5.679404 5284
4.238868 27855
4.281994 23882
3.88984 22212
22.300646 46053
3.586579 2726
14.107892 18524
6.88681 33297
5.492328 15857
27.090242 5519
3.569192 753
4.496078 13822
3.668082 16529
5.213881 47840
5.689355 43520
3.931075 29686
4.405245 44014
9.334653 49029
3.590882 5100
3.952327 11778
3.841948 24938
4.279581 53087
6.286231 44426
3.631449 15194
5.259883 979
18.023619 6807
3.778412 4652
4.021504 625
5.055475 10250
4.275463 812
10.812166 50585
5.650716 39308
3.869544 18448
13.083846 29143
7.515938 41511
22.710377 14066
3.635707 27538
4.30002 28636
3.969977 48274
3.894291 545
4.849766 14068
3.899038 7259
7.819061 18246
4.101936 32989
9.733891 12004
17.37169 34726
37.806668 19535
4.156619 9737
11.099422 34322
4.394092 14860
3.95666 35311
9.567396 17698
3.885391 8445
5.33972 29646
3.808491 5075
3.62313 3533
5.526262 50769
4.781526 2548
3.708533 5314
5.596054 35711
4.359319 47520
4.324418 12389
44.427954 88443
8.361896 39771
7.115222 43125
5.324433 3735
5.474447 2633
10.224081 16926
14.462642 21849
4.68035 28649
4.304803 3547
5.396829 13413
10.286266 77817
24.751915 45924
10.268708 18143
5.458594 52880
5.918679 21398
14.932289 6042
4.179435 5737
28.9593 26243
5.570873 70148
9.55843 37913
7.240534 43861
12.195736 47367
3.711092 5454
4.756465 49624
5.269005 3603
12.718794 95970
3.648899 2444
9.672048 29487
3.627776 9651
5.013735 62124
4.43132 11638
3.769235 842
4.111379 18453
3.750268 8369
4.402337 18731
4.112605 1270
4.094366 2718
11.464449 51979
17.087789 5086
6.247777 79201
6.096382 17048
3.738523 4417
3.876444 14783
3.575772 1915
15.529899 16355
3.723823 2751
4.083556 18685
4.593753 34549
3.80447 18936
4.83427 48104
50.222021 53214
5.180911 47889
6.082959 34187
4.516228 2621
3.993502 20276
32.452142 29546
9.858253 18687
5.133521 36317
3.694451 9228
3.727908 20769
5.49219 3173
3.755526 666
5.394142 40356
3.664223 658
4.365048 67159
3.911051 34982
3.727164 30062
4.519917 39550
7.122714 83151
4.803968 66612
4.47533 4445
5.827024 39713
3.747257 14027
3.82788 12885
6.355173 34212
5.54781 11625
6.351239 16703
5.225034 5746
3.851731 1298
5.908431 17761
3.926212 6421
3.757291 16931
9.013432 51820
4.306875 49243
29.890901 51461
3.658663 3568
37.245902 26320
5.143331 67732
5.397734 4964
6.626577 42803
11.015279 18108
3.649014 29739
4.841608 2721
5.542134 9675
3.82273 13473
3.591071 14108
12.317025 55216
6.179994 23419
5.613078 26804
5.592848 17658
4.179449 37
41.672476 17913
3.601048 4253
4.018919 44867
3.660401 5366
7.105963 18731
5.179096 93844
3.970827 11254
3.752533 4716
4.059988 4743
3.706681 10436
3.967159 5215
4.355149 42867
3.735196 16894
5.498254 15746
41.607142 52180
3.534508 3619
3.529316 7742
7.670541 97046
4.018647 16052
4.834144 4238
5.341996 9947
11.223555 41831
14.344665 53686
4.288814 32532
5.047262 32840
10.851408 35062
3.745848 15891
9.219456 63918
5.788057 615
12.82212 43701
25.265035 40525
3.791132 15129
3.988398 5042
5.646353 69403
4.202574 1682
3.944158 10276
4.514155 28195
3.972363 36764
3.793875 1188
5.361684 48397
3.530719 860
4.792393 31215
4.056167 17548
7.248905 41683
13.83977 2877
4.79258 52156
4.186718 45488
3.824169 3427
5.420821 3113
4.136726 66159
4.040057 28815
4.282828 29660
4.262187 1010
4.71764 3565
23.096771 13172
4.270764 32837
4.210971 16241
4.115878 15587
12.433468 48076
10.111025 24028
3.930722 506
8.921158 38935
5.256491 50793
4.35177 69254
4.088976 2520
10.565936 47741
3.868221 7480
5.324014 25578
6.025846 18199
4.960391 53225
3.702573 21519
5.551211 82032
10.82548 29746
5.135242 23063
42.989431 4274
3.774855 17254
14.670892 30258
4.171809 1163
4.59686 552
4.156428 25126
40.169808 608
4.930986 3248
3.859148 3224
4.528265 9256
3.542073 5053
4.798408 29425
4.163938 4114
10.073305 28765
14.414704 101739
3.349645 29660
3.871172 10145
3.820013 13391
5.563543 18186
3.987788 16831
4.788525 51117
4.312273 8491
3.731699 18308
4.976448 45585
4.115569 5080
20.269486 16292
3.360302 35054
6.011798 5877
3.17184 32772
3.722096 563
12.503908 43751
3.810271 6972
8.166731 53503
3.723797 13969
3.827934 27871
13.958476 16051
5.33441 47968
4.844978 33645
6.412188 1017
3.974307 11605
31.6004 52775
10.366309 6620
4.142914 3362
7.639018 18419
3.556585 20149
21.781163 53622
4.26023 49308
5.787156 41594
6.929887 53290
3.875239 6114
39.756816 52533
3.572562 341
3.889385 22269
4.9013 46323
3.825104 1565
4.874999 15186
11.019808 54066
3.723167 14382
4.109854 19433
10.171728 4453
37.716545 1539
4.607903 36710
5.222364 71863
4.037975 795
4.028995 48849
5.476754 6142
4.637667 18296
4.307139 20217
11.925442 10741
4.205016 50205
3.977153 3713
49.180999 16526
3.928889 26817
3.811629 14172
3.977372 29616
3.686762 36941
3.628855 23157
4.901303 498
24.832975 14493
4.215229 35035
5.275296 27884
4.289145 5845
5.807391 87912
3.986472 2566
44.890526 31443
5.175939 333
16.185267 44829
5.56781 24888
13.978045 47992
4.032338 13025
37.173621 6780
5.419418 18536
23.924854 53360
6.216484 2322
9.864703 28822
5.336813 928
4.176979 23848
3.894836 20529
4.935822 81112
5.651693 1843
13.063171 75071
11.201 28210
3.894013 54308
3.72665 4002
4.04407 34728
4.060785 21769
4.613071 15565
5.731773 32106
11.462982 29768
3.687077 18058
8.092399 75640
9.424966 16158
12.70535 34428
5.424247 187
3.336683 4146
10.476146 5548
4.571635 43458
4.913351 899
10.055842 19205
4.233517 36138
13.092861 40855
3.965061 1649
5.765471 436
4.760597 14859
3.665031 26981
3.32336 1920
5.063189 28367
3.64599 12873
3.860361 5327
4.008779 13962
3.950947 9849
5.442506 15933
5.428011 3229
41.348137 49476
4.898023 26409
4.373222 51995
3.793864 30256
3.377712 24038
3.894522 51453
4.314638 16406
3.941869 50451
5.042508 3070
45.028954 50071
3.655816 17454
4.084368 1676
5.493372 10334
7.500877 27591
8.414907 26610
3.712983 662
10.744821 51871
4.18494 25035
10.229027 50996
19.915538 50814
5.777487 4781
3.775356 5923
4.251014 41477
3.872585 11965
19.992622 43135
3.706057 38693
5.403062 44787
5.657236 23893
13.098366 16148
4.136634 17273
4.422258 5788
3.840425 5427
3.262312 1720
5.486673 6037
24.73874 18787
5.02397 50432
3.428836 8686
4.849591 24588
3.867521 20832
3.702623 4091
5.79951 42934
3.761082 5036
7.185614 38426
3.740321 3458
4.460065 32508
5.613007 17013
4.250249 5194
3.632113 5620
4.506198 42658
4.58764 3042
3.358762 42767
4.76163 24372
3.948307 14158
4.685938 39658
8.921079 50058
5.72759 49847
49.703669 30608
13.481466 46062
3.722903 14413
14.229985 46182
4.208037 15730
3.837038 40984
5.90729 82516
5.228397 17246
5.537981 38815
43.306051 36060
7.792769 46264
41.164307 35222
5.205225 7136
3.833888 2447
5.066028 19680
3.792299 390
56.594153 18859
3.850732 23116
4.216978 10933
3.52531 17946
4.88967 44785
4.290737 19207
4.823992 5891
3.456448 81697
5.504411 12179
9.650031 44882
5.645959 15294
3.979992 7658
32.935947 16843
3.812038 30913
5.409863 87011
3.841852 1184
4.274639 12122
12.098258 1805
3.483144 60417
5.607064 4602
4.897116 26656
5.448691 1894
8.286242 48835
8.303313 75804
3.94165 25017
14.52272 679
3.808458 40329
10.577356 49294
3.773455 18274
4.059805 2387
5.003266 24868
5.516102 13353
5.912636 39272
3.802444 20845
5.540603 15659
21.810832 53532
6.351013 35696
5.369738 16116
3.747314 3380
4.347132 82481
4.083857 18347
3.779852 935
3.474373 43622
3.740139 23451
3.574999 14963
3.646948 63
3.46455 339
4.34951 491
15.108498 50737
3.90938 12692
19.527403 48067
39.219322 16362
6.296576 13664
3.958521 37555
5.803754 73988
4.471551 21133
5.698298 43911
8.718678 53677
4.188455 10611
4.237535 35760
3.567686 5816
4.812368 579
5.570279 40140
3.895835 131
5.649152 9595
3.452249 55089
8.472471 26193
4.361772 34231
6.115964 20329
4.083016 23109
3.994937 9736
10.869149 53568
4.067453 33819
8.994182 51145
4.524354 25366
3.737494 67
4.546654 4467
8.96282 46460
45.218417 18955
3.647139 14172
3.693556 8394
3.617528 14220
4.945555 31872
5.476128 204
7.680962 31177
3.55231 13549
4.647167 13627
4.016519 38253
3.94483 3338
3.599012 6322
4.505385 29715
3.765933 17244
4.078789 33636
4.685715 19751
19.544294 18258
3.860917 3620
26.628989 60560
4.04213 29111
7.989479 20838
5.246978 22803
3.738608 15753
7.90523 3807
3.897261 38084
4.576167 44534
4.622114 23264
4.134023 14904
6.15661 44891
4.224535 1976
3.863964 15336
4.166231 49884
4.205129 14867
3.712408 2463
4.117827 21503
3.792633 6547
4.538803 13440
3.780118 32576
9.292775 69801
13.079237 43866
26.470889 18834
5.48422 37333
3.959936 14270
4.391608 85734
35.410473 18145
3.732777 108
3.589011 20463
7.480561 79887
5.45882 18829
4.975139 25582
24.647124 44902
3.892614 2022
5.547705 8854
4.367608 42482
9.917928 24807
3.59136 4883
3.676899 13930
63.386025 8391
11.316812 62409
5.223582 66
3.585016 6095
4.6838 2002
3.556573 13383
3.554632 13685
4.547774 68711
3.751998 2120
4.956861 39113
14.592658 44658
4.292565 27044
4.309903 5784
3.699596 48896
5.707748 22232
4.012508 22758
4.3651 15935
4.154649 41842
3.779088 14341
5.302401 21247
17.204509 35527
4.467945 20415
5.566495 76434
6.517317 29850
6.117794 47501
4.301006 3727
4.266619 14472
3.428427 36569
5.375842 89323
3.786616 53777
5.412354 16819
4.304657 46448
5.757439 83889
3.672776 9517
3.655919 24545
3.63073 28585
4.696739 48917
5.912797 45393
7.528301 72498
11.353379 42536
11.148779 38698
4.512997 48877
9.187293 34876
5.156168 41014
3.470916 336
4.376952 19052
3.689085 10847
3.762571 32661
5.51068 1349
3.858136 31611
5.305824 84415
3.573553 53720
3.82991 4268
4.022186 28865
8.553277 34792
5.350796 1112
5.617 20296
5.244007 48487
5.138736 3370
3.35637 4506
5.492981 37470
3.524761 22768
3.80512 20260
3.881057 31292
3.910426 13944
3.726227 4311
4.362188 41329
5.280388 15251
5.489868 52675
4.755625 50700
4.07115 8413
4.367511 17817
3.925562 1762
5.340268 26528
3.420782 37008
4.225544 64523
3.982748 33118
5.211504 53281
3.517407 1101
3.318062 39955
7.977638 18083
4.508093 3974
11.367064 17015
4.366581 80774
4.239128 38176
5.139951 13800
3.283661 70918
3.41606 90657
3.663324 5756
3.854548 3273
4.034764 35322
5.207166 746
11.347703 86410
6.35287 53579
4.898087 76091
7.536569 48934
4.172415 2930
3.705445 21587
3.652564 5967
3.577792 941
3.331646 5110
3.055955 23052
4.508808 16973
9.544087 28811
5.913889 32681
3.980696 15668
4.834811 31090
3.76398 3912
5.111505 6806
3.430687 536
3.997916 15159
12.584097 53438
3.650778 7555
3.904232 22585
4.094827 32970
4.344306 2102
8.567171 33264
10.269441 2918
3.981939 7872
5.250779 48900
3.385126 26304
4.105389 23158
10.05622 23799
11.460001 25085
3.984765 5772
3.668195 29780
4.98202 58143
4.055746 14965
3.789239 29091
4.075571 13476
18.762459 74654
3.618864 4688
4.093324 17592
3.73755 60486
3.88862 1725
3.782302 2925
3.910212 2466
3.699145 12125
10.019329 39824
3.830724 3124
5.448102 3805
3.627434 5673
6.158057 5109
3.527471 5243
9.078925 33901
4.397393 11269
4.333684 51256
3.339056 5799
6.565285 53332
4.482373 20395
3.888193 18532
8.206907 99552
17.136138 82200
3.541444 52804
4.426716 14645
3.379341 14329
4.420884 14697
12.184485 49726
5.273082 2380
4.506704 39150
5.24561 5420
3.924062 29052
3.645588 13854
4.395263 21503
5.088675 32730
5.503061 5872
3.998813 22556
4.521536 17952
4.113108 5842
12.113986 40621
16.472072 37375
4.040475 5672
4.710957 49440
4.079136 36789
41.74703 37281
4.278747 3139
3.686193 18197
28570.488015 17636
4.033828 1734
5.520784 1196
3.432535 42858
3.845902 31931
4.344804 35487
9.563665 89911
3.910969 40765
49.976664 25300
3.822954 829
5.339927 3315
4.350739 199
3.866544 49793
4.086896 89982
3.934513 35971
58.651729 29412
8.127168 751
5.246012 13509
10.973032 42395
5.323779 15861
3.621193 2196
3.495457 14208
4.592095 72855
4.069903 14664
3.641466 31966
9.561998 25108
4.100587 3156
3.671682 4230
5.982315 51564
3.434116 48165
16.535593 22036
4.136715 11214
4.089976 1832
4.183197 10049
3.847591 49371
39.623753 41258
4.23474 52461
5.365766 775
4.345406 22109
5.646333 982
4.270493 17007
4.889168 14247
3.592785 28498
4.951875 44555
5.312021 10488
3.456927 35377
3.824496 13887
39.464148 21837
4.14638 19233
3.507804 18434
20.049771 42907
3.451646 3150
3.555829 15442
3.601396 22464
3.591671 14080
5.707949 33484
5.671067 11202
5.391212 78577
3.762491 16407
3.903822 5562
3.996691 73646
3.612541 46312
4.351691 27947
4.170795 98507
5.800161 7115
11.361588 33086
9.970078 18138
4.058695 18828
3.619407 4541
4.411159 46590
38.84516 2760
4.287396 1996
3.812995 21154
3.781789 9590
3.632739 19217
3.302402 13507
21.23467 27221
8.708135 49828
8.909116 19095
3.36767 17672
3.989022 2664
3.730666 33807
40.248527 19696
6.530022 96794
4.364814 26707
4.461737 26538
4.222204 33501
3.900385 38413
8.434272 71025
4.379737 84477
4.137909 30976
4.879826 33874
3.455552 6286
8.451893 51265
5.345286 75316
3.645192 4273
4.861605 77881
4.707599 3795
5.249181 28664
4.929063 2671
5.407338 44519
3.725068 12342
9.202372 51742
9.523645 34792
3.89962 8456
6.725582 91116
20.200785 16783
3.723326 37959
5.786105 52496
3.531684 8433
7.090946 35692
3.532014 25215
4.15724 25680
3.555074 234
3.416739 5064
6.47583 38431
4.796531 39365
3.859577 439
5.358798 9633
10.114086 41635
4.379487 22943
3.470001 1531
40.515438 17071
14.723644 4713
16.922403 23277
7.683215 35306
4.512441 7905
4.539219 26535
5.076444 34323
3.929696 14684
6.193429 34439
23.498318 43952
15.492374 50554
7.33638 22590
9.942224 36229
4.602222 52884
3.9786 1289
3.725479 23380
3.732798 10119
3.718159 26380
3.863052 16790
5.37709 11065
3.436233 18010
4.509946 36187
3.877159 19580
4.257297 9985
3.652621 4339
5.565335 15896
3.685613 13572
5.110527 19054
4.323935 15926
3.416189 4643
11.197127 17370
5.21786 33635
4.014908 18032
3.187469 92501
3.722556 930
5.078183 6405
3.671699 4294
4.208054 3678
4.157634 21185
28.928555 14087
3.325526 85026
4.1098 3236
3.685075 6097
22.546282 14281
3.957177 6808
3.334352 1265
96.413895 604
3.811138 51179
4.095227 34938
3.047053 13463
5.349164 21105
5.570843 3289
4.204338 19058
4.912607 21
4.984075 4564
5.334826 49529
7.767502 38745
3.698055 15144
3.58596 45532
5.491903 30457
4.252504 91152
8.015571 85554
3.503074 2014
4.72515 82860
5.688209 59452
4.815749 18763
3.412772 6069
3.720607 4277
4.385683 41636
5.085303 6077
3.771179 53928
3.743272 19660
4.115849 2559
3.231897 15479
3.477002 13526
3.577778 18465
18.417873 16897
5.145977 2819
3.781615 37105
3.908191 27326
5.4027 28979
3.378061 45747
5.330953 26845
3.795704 19728
3.632929 371
4.23236 12232
3.683183 72432
3.70386 2847
5.901141 39869
3.29401 1478
4.042644 467
5.344319 21452
7.763383 46410
4.797857 33463
4.388093 36680
5.366344 54042
4.505661 33943
5.371332 28288
3.674833 4757
5.158758 85887
10.350444 16369
3.677719 22378
4.086804 4163
6.380796 1839
3.613906 4557
4.413518 1587
4.495029 15811
4.671677 74354
3.950353 18974
5.628739 18020
4.308001 71554
3.55048 431
3.865851 5877
3.685698 33811
8.354047 30886
5.451896 7675
3.755685 5400
3.608372 10742
3.259412 5958
4.439969 19817
3.889829 14192
3.550584 4916
3.823508 5892
4.440455 16141
5.517775 46624
3.950112 602
3.581754 12063
5.258 4054
9.353524 17366
3.650507 2016
5.368962 78116
4.938741 8530
3.828312 2751
3.647112 17545
4.587123 17806
17.670978 26125
3.784594 1931
4.628078 77457
5.228762 18424
3.750189 44443
3.734588 16314
4.128352 50613
4.202056 41676
3.397381 39878
3.623493 16002
5.491952 13642
8.318176 50067
19.272576 28710
5.323296 27920
4.247688 37094
3.832657 15817
3.615563 38128
3.292298 15951
3.696678 36477
3.624174 16494
4.24121 3688
3.610611 2116
3.421354 5082
3.569152 19201
23.715809 20703
3.404143 1430
3.480314 46869
4.030259 2255
6.598059 6088
4.049633 31364
20.214 44459
4.526796 47631
3.57744 1227
5.429874 17400
3.424628 18302
4.057866 40559
3.330548 4086
4.956396 1499
3.946356 52341
5.112402 24312
3.454671 487
3.706187 18419
5.741289 3254
11.969485 32011
22.519953 12231
41.956205 7223
4.899889 47448
3.834138 44897
18.509433 12280
3.601105 5641
5.98994 86305
13.061034 101096
4.699199 49526
5.355579 12292
4.020094 16842
5.865478 27886
5.513323 45024
3.455104 7072
10.210222 13833
3.802553 2876
3.938088 6023
4.926043 44969
4.076692 18184
3.909652 2510
5.528639 4890
3.585813 23071
4.656241 35490
23.185421 23866
9.874308 25214
17.479441 72269
3.518153 2672
4.131988 41332
19.17882 32273
3.544016 3978
5.629246 2790
6.122061 3621
5.92292 20881
5.406133 171
3.775232 14326
4.281286 41571
36.645788 14028
3.733243 24347
22.231439 3175
5.168144 8045
5.271084 3261
11.402106 3454
3.953695 32064
4.935354 36720
3.929546 26271
7.962471 2916
5.410954 4346
4.517834 42015
5.802842 5463
9.331893 25744
3.296085 13039
3.802065 85730
13.76855 31873
4.395034 12405
3.924427 15066
5.630877 14362
3.566268 16519
34.163249 13902
5.765635 1115
3.882814 2861
3.665757 2019
3.380565 6569
8.25488 28307
15.020602 44742
4.097981 36596
5.005381 16058
3.412135 49764
3.6768 28881
5.017697 53282
9.373867 47777
22.420733 2058
4.917055 25889
3.975168 10613
8.624942 91434
3.86942 5975
4.511376 18052
10.431506 2307
4.004911 1426
4.259175 19820
4.223246 3631
41.89031 34013
3.499048 23240
3.823045 18827
4.382632 37423
4.212732 15595
3.70955 2983
3.544322 12869
5.020391 28273
6.017239 100314
4.087909 16144
7.592455 31934
3.161789 7252
3.831195 9749
5.326944 15701
3.815037 5600
3.808311 4209
81.660343 4156
7.066398 16362
3.415708 3282
3.887639 2629
3.448201 17015
11.719171 53820
8.803282 21464
3.421275 29006
3.492338 9224
8.740158 50530
3.657068 16896
5.68937 31094
3.428323 15346
10.969397 28845
3.895669 2613
4.092408 20167
3.658318 10229
4.289003 17459
3.372405 4812
8.43757 24391
12.323455 3493
3.911562 14285
9.605607 20527
5.3191 10024
11.17422 4961
4.023755 29367
4.181872 34452
3.474551 3417
6.241742 99295
3.668932 26687
3.630449 17211
3.852101 1410
3.528328 12808
3.831345 4056
5.824023 2937
8.39275 41341
4.191336 38563
3.663446 2062
15.69502 35032
8.68522 95001
3.740288 15303
4.056473 132
17.12538 24636
5.28075 823
4.745106 49056
4.011731 16220
4.577063 90253
8.982289 20882
5.032471 37866
3.493949 48710
4.092525 39155
4.857213 44483
14.366455 1163
6.403623 36764
7.696838 16795
3.725385 3099
3.375674 33428
3.948906 7949
3.768578 21596
5.89949 67733
3.674986 20691
29.720594 12884
3.875956 15840
3.737422 5731
3.509831 49147
3.523016 2662
3.948286 20954
4.735047 18693
5.617718 9666
5.125705 17866
12.924254 47923
5.246291 764
17.943055 94310
3.639247 18944
4.207888 14381
5.181329 34422
3.932791 4031
3.796119 2300
5.060188 5110
4.158935 944
10.469787 16278
3.97586 25601
3.611117 35223
9.00091 16955
17.511889 41551
5.402765 90951
3.977569 4433
4.508104 16717
3.84393 5159
24.31986 13696
4.491845 64038
3.602662 46307
3.454135 27406
3.78964 48971
5.512758 50363
9.075507 50320
5.598164 54163
4.328532 9492
16.496339 44466
3.717093 16933
3.599554 2482
3.969004 4346
9.614455 19303
4.456791 52283
5.266242 45063
3.856726 5137
13.940801 52709
3.259855 2020
3.582848 7516
4.868784 5556
3.760281 36631
4.640339 38235
8.55336 32339
4.251923 3580
3.590772 496
3.78464 13038
3.577012 4546
5.834034 9047
4.321477 55814
14.410558 9652
3.577415 48034
6.035065 45235
5.329198 16862
5.416158 54104
3.562263 15515
4.084227 6849
3.767428 4480
6.113043 72226
4.100727 5989
4.408338 13398
3.649283 3334
3.534195 3823
3.469912 3906
10.284813 21592
3.564523 3516
3.674651 15557
8.349825 43698
3.463874 13375
3.581529 33625
4.046344 68357
4.098969 21346
3.984605 23067
10.923387 50911
3.897769 12259
3.429768 39949
5.01889 12592
23.229402 20864
22.546755 13839
4.434431 19890
5.15836 52771
