6.356258 92955
4.140225 13947
4.024075 16376
4.707811 33251
5.796032 5982
11.999645 45419
5.498152 88061
3.766877 4554
4.193986 6225
10.450495 43461
7.763311 48107
4.489357 22429
5.513899 5126
4.451794 13442
4.767387 53647
4.326307 35086
3.779083 1870
9.049059 34232
5.695303 14706
3.854229 23694
12.38736 14865
4.687873 15065
3.778968 3496
12.033503 43720
5.21069 102082
3.843973 6645
4.913453 4524
5.569067 1484
4.639449 23766
5.39074 14919
4.866154 17544
4.044121 35189
3.892835 14764
4.098981 45030
4.683047 46981
3.918392 16119
17.016803 19850
3.912151 3119
6.607269 102329
4.203749 42057
3.993795 5425
4.452783 21689
3.727925 14890
3.976986 9004
4.276594 18019
3.667456 6016
3.886606 1133
4.132113 5670
3.926116 4517
6.851563 24548
12.736395 1654
3.633328 2241
17.631201 18050
5.556577 16213
4.089598 23500
5.543275 3163
3.641482 5071
3.7934 2999
6.169643 4627
5.762318 3079
4.056639 1898
3.973588 215
4.476838 50300
5.861402 27044
4.542232 4819
3.899771 12116
7.466059 18788
3.687972 14626
54.786459 102348
4.585476 16272
4.978723 47512
9.641363 35355
4.33476 5118
4.206593 50754
4.541227 2142
4.149652 47168
4.489984 39288
3.58769 3169
3.989086 4638
4.983385 50385
4.716532 13622
3.786076 9987
3.767894 19554
4.286118 40116
6.144653 35483
5.846971 50952
4.710801 22469
11.731314 38900
3.81489 4922
5.163838 40698
4.2073 5878
4.080115 8538
5.711659 14298
5.265463 52208
4.543088 5491
4.449384 20652
4.243665 30719
5.12149 55467
48.565204 16501
5.80041 21267
6.02432 3144
3.870422 34206
4.253927 14437
3.819611 34132
10.866308 43678
38.993237 1432
5.153589 30659
4.59207 51515
5.492748 50218
5.086208 32736
5.61117 5320
5.459903 4798
3.824995 13556
3.756656 27583
5.143904 38964
4.14871 39639
4.597452 4675
3.989008 5115
5.898625 5138
4.703214 35341
3.914846 19205
3.779854 82
3.754359 3325
3.806039 3750
45.587002 46223
11.793256 32562
25.741361 19300
66.072795 8109
3.646362 3387
45.398681 16968
6.648444 101336
3.941729 29297
10.633169 45897
4.419828 14796
13.047619 48373
4.295846 48068
4.70384 2890
4.4608 27834
3.480969 1047
4.534785 4730
3.585411 3929
9.408143 21766
5.089503 26900
4.909139 30290
4.496897 31642
9.319398 86090
29.011911 79828
3.945449 42458
4.114194 30047
6.161104 65307
11.365783 96332
4.329412 27022
5.743789 69207
5.090936 64748
3.724593 484
5.577294 76333
4.023097 4881
42.849601 6890
3.751204 31925
8.263365 46373
8.276187 57526
4.071243 1687
5.742851 3673
5.396101 18931
3.652504 14020
4.266886 24893
4.167057 9130
5.625414 38598
3.728907 774
3.901392 8147
45.511662 17297
39.124675 30770
3.879964 2687
5.459641 5407
3.745934 28042
9.426702 47021
4.545707 8231
5.268571 3676
3.682954 525
4.769239 13735
3.587718 12660
4.694558 22581
4.450163 43687
21.670865 71546
4.057656 3787
40.487314 4993
8.035222 43573
4.432776 66451
8.320848 37980
32.801744 83620
4.145242 27660
6.027234 3195
4.400684 42345
3.92469 2397
4.052725 4718
4.21086 16271
4.706862 13691
3.804696 14651
5.746824 34787
4.237242 4856
4.092062 30670
4.055029 24449
4.325047 4818
10.053818 37140
14.419331 25685
3.624112 15065
4.773308 15951
5.287026 2233
5.617867 5239
5.326032 5516
4.041427 11319
4.047751 4134
4.445256 1903
4.075574 2995
41.09716 26093
5.924157 12347
5.69252 52102
3.769877 5978
4.193228 15608
3.605528 18652
3.997357 585
5.818554 35616
3.589699 1370
3.789822 21949
4.742294 13333
4.030085 13226
4.525005 4795
4.25855 40324
3.84226 420
4.128833 8938
13.361942 23483
4.209815 30608
5.46706 26935
21.863858 27355
41.406709 22474
9.096872 46297
17.357817 23874
5.563898 1504
4.057594 1329
5.650803 13458
9.502013 30304
46.569734 28327
3.816813 35299
5.965145 40696
3.907923 5636
8.116034 25283
3.926105 3988
3.794567 38116
4.733531 15709
3.757148 5455
45.870827 19599
5.5162 1031
4.299229 51236
9.58971 33506
4.023629 25600
4.258116 38249
4.069861 15503
4.213674 25890
9.567243 34518
5.49952 17365
6.397736 24348
5.764236 46614
5.511861 27852
3.695536 2850
3.658657 8281
3.713388 5863
4.236455 45324
14.358106 24537
9.367613 16023
10.741711 54244
4.173417 1134
4.885286 53016
3.983617 19537
5.282944 48156
5.936839 8456
5.029627 27581
3.624238 1457
9.35575 24943
34.387226 31754
7.852216 19315
4.109862 18508
5.492371 45964
5.651298 1012
11.027785 33780
4.268398 45108
14.37652 5190
4.283812 6082
3.805277 4759
4.470854 52593
4.320183 144
4.923707 34287
18.654864 15347
3.662967 17571
10.751418 34957
3.769594 12182
5.341721 168
3.627758 18917
4.106087 1531
3.945276 18058
4.428494 51410
28.993162 17915
4.258093 33911
6.345683 48666
4.639554 4492
6.208054 84464
7.294582 26329
3.577962 19160
4.002544 5215
4.880882 55292
3.900044 15874
3.987637 12494
8.904922 80746
4.601253 15395
3.703737 15364
9.400022 19055
3.88767 261
4.490497 40673
3.544855 8099
6.236841 16745
41.419493 15357
5.715338 46776
3.519292 229
7.989794 19381
57.429023 31198
4.191246 15412
5.443472 53818
3.821553 2445
25.905013 13418
5.201688 9252
5.367363 35101
4.241035 18999
4.046611 6390
4.848846 16153
10.856671 23609
9.25025 30440
9.806621 33302
5.550217 34154
3.984249 5585
4.181997 3888
3.823589 3071
4.915924 15453
3.559903 4975
6.559736 51208
3.764155 7316
4.240827 18906
3.829793 41556
7.995864 82215
6.908536 47323
3.808672 3899
3.686468 5998
4.972649 43828
50.021504 20062
3.519251 948
5.101696 33807
9.587717 40668
4.265017 8207
7.254114 27462
8.464338 31695
3.742167 10835
4.053476 33305
4.479605 11828
3.86055 9806
3.786455 1269
3.917973 13510
3.688488 30095
35.17682 21846
3.9964 14608
4.580814 36204
4.084654 2087
7.513544 50041
3.617169 47479
5.924352 16526
9.350435 43974
3.778222 2733
5.057306 33465
5.341006 10639
3.797803 4186
3.650922 853
5.635209 33563
4.156546 1221
3.745705 16177
5.184113 19862
3.784742 27886
4.000543 35646
4.02473 6565
23.069123 21229
9.835916 16557
4.409855 30728
7.400478 18491
12.671865 75632
5.036414 36772
3.850741 31542
3.755644 16432
3.896847 5351
8.175772 18629
4.140916 27241
5.892851 21031
6.027581 23382
11.162715 44978
42.109717 47141
5.284572 4690
3.715116 2744
3.587543 18189
6.604774 75867
4.045931 2741
4.699881 52315
3.696577 3804
13.493918 77668
10.942301 31461
8.021609 98660
4.387109 29061
4.035413 36444
5.35197 16198
4.101199 22457
36.294443 16340
4.27996 10847
10.886717 40993
9.252183 27162
4.606675 28000
17.337701 90994
4.111939 39237
3.6446 12214
3.666108 112
3.57756 3953
19.676877 28854
4.194166 46032
4.755087 841
3.656011 4053
4.412487 3057
5.641776 5952
4.263904 17753
4.552267 3321
4.062926 2882
10.673096 22613
5.679099 2932
44.486972 29612
5.544618 7719
4.066622 40361
5.843222 1473
4.739656 22066
56.714532 31213
4.993764 65968
4.245236 12786
3.753393 22031
4.137221 3352
4.599682 15102
3.69987 1122
4.076322 43853
17.041876 7285
3.77355 36143
4.106185 14786
11.442597 51846
5.324726 5465
5.526763 17825
5.534041 51258
3.545832 19809
4.51558 6263
4.195424 18711
3.988214 11442
4.283462 43347
4.122794 3786
3.722499 17567
5.439722 70378
4.163928 40635
7.834317 29310
6.07921 21134
4.574055 2401
4.583269 43582
5.411147 4585
6.194897 76935
12.858335 95741
3.736055 6726
5.213667 6188
4.212425 24612
4.36718 50950
4.364715 15527
4.386096 33493
9.706753 47114
3.717517 384
4.301663 15176
6.351062 22819
4.494843 21984
19.134798 15962
5.411675 15849
4.524528 26356
10.945738 19558
3.96238 1267
3.593177 8193
3.84961 18706
3.908792 44911
5.106488 60173
3.608032 4350
6.353798 18646
4.094815 15567
7.282768 17921
22.929525 18488
13.531243 89043
5.993033 91500
4.201354 14992
3.926726 3805
8.004652 18337
5.632333 23497
4.03403 46374
3.983372 15482
4.361734 2520
4.247469 45835
5.561604 9969
5.651825 11696
4.299057 3884
8.766718 50524
5.72236 54064
3.861942 707
4.312163 5413
8.257671 53472
5.568069 19509
5.168344 12504
3.713614 15624
4.225155 4644
5.390318 216
3.80245 28047
4.400326 4896
5.457818 21459
5.474698 36584
7.858733 36926
4.120313 5580
3.788503 25790
4.530193 44326
4.844569 50740
5.846149 14429
4.139446 34983
4.377996 17800
6.450076 4691
3.964775 15597
4.268999 58814
3.972361 3135
5.866767 44722
4.691086 40788
3.969454 2068
5.267965 5199
62.933992 14238
41.876945 11898
3.970669 16920
4.011373 51971
6.94659 101128
7.665263 34618
11.608251 25248
5.445272 11886
4.22679 31530
3.818655 45068
4.319104 3267
6.618302 82986
4.035783 9122
3.919448 9025
16.522716 71195
3.944439 8785
4.069623 49081
4.413234 9500
5.694671 47026
4.17222 14564
3.49758 2084
3.708663 7123
88.949734 14805
4.347928 13857
3.636347 22336
4.19307 35414
6.198531 61562
10.891473 48488
18.256969 23360
5.539996 25333
11.700813 35467
3.554563 13545
3.64481 4940
4.367567 29192
3.773152 12049
3.833238 5674
3.877531 19202
4.283604 16502
5.282734 29391
4.491167 1930
4.860977 12736
11.692274 84274
4.242573 5903
10.455808 34129
3.776216 5536
3.605559 9926
5.651598 3216
3.912432 23099
6.189637 53862
4.487668 19310
3.869215 4993
4.80559 46272
4.115872 14203
5.902373 27306
3.823697 3171
4.098118 5522
3.614983 1449
4.434344 2426
4.131404 37939
4.852625 26264
4.389622 13535
4.18629 24718
4.946148 40652
7.466022 16160
7.491769 86079
9.791948 48718
3.617679 5380
3.615134 19150
4.426344 5546
3.862239 50423
4.980993 10555
4.105282 8516
4.394049 13875
4.827681 43368
12.79881 6656
3.586643 2365
4.029504 29157
4.35752 18536
43.797391 18712
10.150211 40295
4.186214 4905
3.853711 20492
4.157672 14701
4.565778 7400
3.423031 29253
44.815892 58231
3.895146 48800
4.009333 5018
5.112023 4945
4.153553 8433
5.697694 49143
3.948764 2729
4.259079 28178
3.682723 1633
3.984818 35386
4.095185 18245
4.225676 24855
9.839891 23475
4.449758 559
4.116461 5348
4.487649 16881
3.949208 8592
3.97634 18431
3.765172 1495
4.032721 6753
8.660822 34463
12.133823 4300
6.631212 21395
5.49504 7447
4.183052 52629
4.081555 27196
6.073132 29605
9.408601 47266
4.176895 17792
4.274472 49693
6.126904 36847
7.841426 19809
4.632875 18908
4.690497 92
6.220353 30281
4.396286 7276
3.837438 14819
3.688979 5198
8.509567 51469
7.78499 34906
3.91654 37342
3.683819 3301
6.701794 70569
4.415257 18401
4.942037 14385
4.919492 8687
3.871333 41235
3.740723 5279
7.940784 16260
10.774465 34779
27.039998 35304
4.231129 4207
4.159829 1452
42.557135 18629
3.656631 4096
5.467394 2577
5.784119 14083
3.743001 1177
11.850424 56153
5.849747 15410
10.372045 39083
33.042347 68955
4.293478 380
4.755022 41645
8.334316 102220
7.475268 79680
4.057467 53481
5.742599 32749
4.781459 13980
5.562532 3689
14.074544 6108
4.14537 13887
3.612469 4839
7.374769 18036
4.479292 13506
3.502136 5282
5.42032 47372
3.932436 18551
5.698841 25771
26.556639 17585
8.568753 52970
5.299385 16586
4.283729 34474
4.218852 4670
8.57244 51974
5.9413 94097
13.300548 42955
5.856556 579
4.154259 8198
5.486682 42858
3.746964 32893
3.853352 33997
3.6892 4786
4.094491 14023
6.931951 80206
26.884681 22673
3.791023 2047
7.183279 16266
4.4693 72898
5.862747 67567
41.035022 6013
3.905929 2797
3.527544 3491
5.981639 28537
4.122523 50176
3.791138 20593
5.697381 31765
6.170098 17433
5.860373 46585
4.945008 3946
4.231701 26887
3.491173 16086
4.856158 48199
3.598715 2041
4.89198 25640
3.52594 18813
3.991396 18942
5.802252 28942
4.124125 9353
3.58366 3886
4.73607 51271
4.115687 4688
5.060578 1895
3.327669 282
5.509124 47852
3.84985 16737
3.727609 2616
3.725922 2569
3.162442 24149
3.521811 1872
4.170952 45459
4.470434 2596
5.727398 14754
3.715048 6074
5.976076 80805
4.88638 1918
3.413017 18970
4.34804 13836
5.640168 38853
5.998724 30901
20.860036 70514
3.800344 1467
5.711018 29693
6.205039 44080
4.053261 4813
4.85784 910
3.897633 4165
3.686015 1053
4.085716 47083
3.735818 35364
3.589723 3155
3.732001 7794
3.304835 39432
4.219289 45147
5.560507 3148
3.891623 1016
11.226075 23187
13.56285 49812
3.474785 302
3.383263 388
54.972974 16593
3.679261 17598
10.609847 71461
3.764832 25299
3.423903 3456
3.629519 3153
3.627037 17590
29.03536 32071
4.276882 15355
10.268678 31648
5.573232 15265
6.455558 43418
6.828265 17523
6.957312 49971
4.29212 10358
3.743629 17341
4.216597 43489
5.330654 62148
3.987038 19842
7.477135 32924
3.639345 32655
4.581017 31788
3.680814 14054
3.549441 30
3.925542 1226
3.85688 40892
5.824346 85063
5.669259 21863
5.034955 91722
5.81764 52040
10.095558 19577
46.591739 19486
6.105682 22833
4.090012 44594
3.906792 38311
3.457198 41294
3.441489 1568
14.834185 43238
3.49429 5843
9.133919 16529
5.973144 19486
5.551172 5372
3.63873 22794
3.516991 4176
6.981639 27992
4.863236 6354
4.199579 39410
3.58382 30598
3.340155 12038
3.79019 9084
3.404964 1340
3.279221 4891
4.488689 10763
6.13586 27607
5.168186 43161
10.098254 18781
3.873241 51127
4.429507 9345
3.654225 101925
5.866438 1328
11.773836 15704
4.284512 5865
4.337542 41766
6.344026 99129
4.548184 1667
6.042966 22442
5.662462 31771
3.708687 15848
19.816104 15301
6.909877 49028
3.589726 556
7.629126 71558
5.548969 47317
5.880778 7785
5.018827 63240
3.670033 252
3.675756 2349
7.356469 27556
4.2594 14878
6.293629 3179
3.166682 45921
5.047291 48062
3.426416 7702
3.654714 5282
4.12214 53241
