5.085076 28103
3.817258 2906
3.686354 949
6.261034 8086
17.8168 73586
6.0479 15333
4.099713 5408
5.495043 75221
4.367438 830
42.162463 14956
5.53556 2158
3.819859 7199
4.763289 18034
4.101212 6738
8.33021 52295
4.072502 32319
10.979759 53460
5.030648 6357
5.310907 5809
5.10908 17685
5.792667 45980
5.915545 17832
4.201873 4362
6.580551 26409
4.451912 50886
4.368286 50474
5.524651 27833
5.405128 12767
14.306581 16876
5.726219 15586
5.186109 7892
4.023433 1301
13.018064 74115
5.479522 34022
5.532472 13595
5.265022 67840
5.662873 10699
12.379972 31696
4.539209 4642
4.381085 48782
48.471952 20323
5.347896 16699
5.000866 6518
57.913959 42271
3.839823 1802
5.003873 45170
13.574398 84893
5.457842 11284
5.489807 4398
12.410447 18817
47.946887 53510
6.866664 21092
8.189723 17052
4.377443 48169
4.308966 34978
6.039876 15632
4.571291 42941
23.806801 63262
4.509006 10518
9.749761 31839
5.67199 1607
63.084676 26855
5.923412 4342
4.331924 3836
6.234805 71385
5.534686 34393
6.818671 25938
15.699942 47210
5.594934 13154
5.413258 15611
5.959153 39010
6.627964 9767
52.491272 32123
4.795226 1703
5.082848 3026
4.992244 29059
4.617072 14091
4.363646 31043
4.926243 27108
4.001052 3304
5.279246 124
5.533941 17558
4.401554 11970
40.63557 240
6.52536 4415
15.002427 27865
4.616286 19415
10.965962 26670
10.64685 45689
13.690115 78715
12.658359 2135
50.685322 3411
5.812427 89968
42.681818 23140
5.686227 49713
5.530069 13688
4.849035 967
4.929495 14069
24.918174 11297
54.1838 100805
6.500026 15146
5.221887 41485
4.195567 13707
27.514554 98579
14.41768 22094
4.165339 6024
3.611771 4804
4.721471 37855
15.892181 28614
3.779766 3123
17.741214 22737
4.081742 20418
5.118718 45444
5.391309 40119
4.213836 11194
6.176739 33009
5.264817 8104
4.148178 5917
4.186435 15385
4.616949 49864
12.718581 5941
4.537539 12020
5.591658 20703
5.602733 17861
47.781618 47100
5.708588 83539
15.401389 52477
4.431384 1035
4.330528 16185
7.373874 30740
16.974901 16427
6.708206 33
4.05782 5765
4.364966 17975
5.728951 4164
4.044326 1882
7.895709 94361
3.821799 1833
3.815044 16620
6.47391 17042
5.735138 14828
10.978253 34840
5.10365 8076
4.583471 11089
15.142571 32431
4.051273 3856
4.055286 1004
11.576394 51353
4.22758 12430
5.648043 2783
4.271857 4868
3.585779 14149
13.05577 24355
4.205955 14126
4.191462 6041
5.904916 3212
4.742484 14236
4.742414 29362
4.628607 3104
4.499852 16592
4.258419 14211
3.984744 1899
3.731987 4795
4.409621 37401
3.648646 6245
4.267328 350
5.583091 27410
11.49772 69938
4.172444 10598
18.426543 2739
5.159129 18405
46.637815 21031
5.532871 6016
13.574157 52742
5.71544 54819
11.509873 40926
3.930163 5023
51.643851 38638
9.662729 39688
15.653057 27388
56.812758 19129
41.060976 8965
9.763397 23802
15.08143 45549
4.954228 8302
20.870535 49413
4.309156 5764
3.976107 326
5.13702 275
3.854888 2372
5.530307 76618
9.563738 18334
7.471996 53858
5.851277 5910
3.777352 14985
4.033802 32712
5.141072 20199
5.565027 5466
4.960251 44630
5.621481 50320
5.602755 13261
50.168724 17238
4.769687 22819
4.503505 14318
43.70855 29258
53.206456 56634
5.123771 8352
4.313987 16728
3.613425 83
66.679182 41807
5.367602 18202
5.699001 58020
6.905378 44023
6.945627 14081
40.494045 23996
9.522924 21653
4.28952 25289
4.842714 32976
16.742264 18023
27.126743 10277
7.842173 91937
4.868978 882
10.01792 89116
86.450791 13201
4.79655 5310
13.966697 98224
54.593826 60584
3.813231 5105
13.447582 40316
28.514256 39000
8.482216 76105
4.233698 353
12.26211 36636
3.965262 4583
6.094123 48099
9.384197 19490
4.84326 33746
5.588176 6677
4.109165 2482
5.302809 3315
15.238036 27059
6.119742 16882
7.317583 53614
4.67427 7815
4.329045 9013
5.437194 11774
4.243106 4721
26.824993 43544
54.276851 48161
25.161554 23482
4.009982 36598
18.755493 5610
6.198539 2312
4.823618 13670
13.009853 23934
5.283192 3712
5.626084 4624
5.982463 50115
4.158511 21329
4.515513 761
4.257997 30135
11.194976 36235
5.887617 12641
35.705018 49371
4.097833 7347
6.310024 49154
4.089294 2126
4.805877 29846
5.955303 24455
3.909705 5550
5.405581 5887
3.94708 11968
5.822375 36016
51.913708 42634
4.59056 487
4.237334 13466
6.146692 13748
47.397209 45979
9.663652 39103
14.455405 17525
5.595869 1298
5.0884 39917
5.480426 11747
5.888172 18136
5.991783 3802
5.791284 49425
6.376031 14947
10.422545 5781
4.112742 25650
4.790708 21233
3.90102 12629
5.664433 423
4.22213 39092
4.528936 31226
18.964281 39793
4.071348 17349
5.108436 14808
21.320549 16822
4.892442 14708
5.224042 20441
4.778877 6126
4.440715 37358
4.826267 26822
4.927059 13625
15.138913 27807
10.163777 16671
10.89084 32662
4.576885 16752
4.047487 2931
4.149555 9447
11.965304 49338
5.572167 1480
4.029175 3032
40.665495 50835
5.675442 13549
5.414474 4346
4.027572 16223
4.117978 16965
5.124536 26446
6.23955 1506
5.327402 26603
4.983343 23510
8.417274 47273
4.231016 25448
4.682875 404
4.300023 440
6.68467 14108
3.658199 5058
5.385777 41463
6.295498 28565
12.82523 43164
5.710046 11575
10.408293 14041
4.61396 51860
25.55178 11242
11.104057 20627
5.808028 2043
4.579511 31323
3.781978 15853
6.137995 48699
4.931932 36378
5.898428 972
6.033405 18737
3.874549 51271
5.271328 3139
5.857784 1359
134.045954 75393
5.12553 27693
7.113895 51420
4.291678 702
10.391529 76680
4.477669 3366
3.699859 54823
5.400112 1531
4.143746 4013
4.720692 29014
5.187978 27772
10.123295 19022
4.175952 48719
40.928744 16799
3.946275 3080
11.18601 10436
5.643708 17930
4.935547 27017
5.503339 5138
4.60418 42881
4.209356 25247
4.912893 22773
3.816201 1070
19.550213 77173
4.172444 3932
4.372038 45744
9.339503 18634
6.279847 8390
13.329385 1469
6.102903 41383
8.804028 34253
5.402581 4949
40.899227 40170
57.209204 38071
10.818239 77568
5.468331 1441
6.455503 23348
22.348376 84374
5.880767 16110
16.680204 53969
3.731306 5649
3.549277 63034
4.355115 15303
5.336897 4641
6.708663 89608
5.76637 3873
5.661018 41038
4.455509 52697
4.74183 2785
5.814955 24861
4.258784 2801
16.551406 83605
4.991434 2772
3.599496 3031
4.841397 51077
5.067452 2222
6.149911 29540
6.858221 18728
5.540625 42153
4.056887 30725
4.112765 20877
12.013251 36281
4.161744 4661
5.605135 2235
5.84047 972
4.252696 3688
4.14753 1051
5.864994 55440
5.525941 46665
4.357239 1101
10.769374 48342
4.444736 7852
5.706654 45513
5.713541 41338
4.516505 9794
5.752853 49869
3.445974 46269
4.572034 6267
5.312984 53790
6.111846 9955
10.846341 16072
4.160056 3736
15.088548 17509
7.718302 73395
5.904547 14879
4.158169 434
4.6322 13341
6.099672 17330
5.172799 46653
4.287438 40298
4.669026 9997
6.684811 91129
4.966417 16819
4.572484 20964
6.471852 7374
4.498526 5758
4.642426 4832
5.630523 909
7.216095 38132
4.173545 25852
4.291718 1972
8.785038 95316
5.418678 31520
4.187386 4847
4.708158 48436
4.078178 1757
4.367676 4458
10.645602 66377
5.262163 2541
27.305236 1588
7.562725 12033
17.111699 44528
3.820536 3115
5.560511 8691
3.840842 25987
7.378295 24459
3.970774 29765
4.984258 60381
4.028772 1001
4.446055 1700
3.988473 33278
23.771619 6118
4.226109 3190
4.129456 7038
5.655507 21664
48.186112 100842
17.560581 41488
6.109217 34642
4.531978 37611
4.648166 33439
12.157773 31714
15.075559 6115
42.219449 44102
16.201676 54236
7.791881 19149
5.580271 19356
10.738982 38859
3.821956 17021
3.696712 14794
5.957925 18341
6.887258 20719
6.867529 8655
4.201879 45915
39.321629 2260
4.495404 4815
10.394085 2396
6.075204 14938
4.522901 28866
4.086808 2866
9.646303 64616
6.161941 38006
4.169084 317
4.013887 11974
4.864999 51822
4.331684 5407
4.065876 6033
4.59705 1010
5.164649 16686
47.131843 16763
4.061802 2929
5.527443 3493
12.75625 28200
6.262991 12795
3.752156 10857
4.117635 4766
6.383024 5520
6.488701 53105
3.739959 13377
5.659359 10950
5.828305 17002
3.973501 16402
5.65414 9649
3.917209 8296
5.050884 10434
5.78129 57715
5.669065 31325
11.575838 40908
3.85311 7339
5.368998 4097
3.841727 5598
5.474044 3220
4.175065 52029
5.385202 1120
7.088189 64398
44.726044 50720
5.027706 45310
7.492349 2461
44.346217 50896
4.704372 7086
5.726126 10067
4.612621 1552
5.674273 30222
4.644589 4292
4.939738 33526
3.950074 36496
13.527784 31274
34.277065 14476
3.654404 16558
4.492531 9223
5.904251 1822
3.946686 21
5.751864 26890
4.516391 5424
4.095807 29290
3.888577 6039
4.63525 4039
4.06967 40437
9.305066 83507
5.367575 5648
54.985955 35087
6.137691 40911
5.965742 51815
4.401363 10299
4.207779 8186
6.014925 19138
5.695802 12562
6.325207 51047
4.314266 5308
6.787336 88418
5.435512 4619
5.390768 3149
4.01369 11239
12.150405 23172
4.349098 32645
3.802403 781
4.276256 35503
3.641665 5286
12.352339 4172
3.904601 3271
13.192318 37798
4.375802 3503
52.841824 18245
45.720357 46198
9.054701 70407
4.13839 31775
4.218339 11611
4.946703 18459
4.469906 1150
8.156759 17651
5.530147 4254
3.758308 6819
3.811544 14778
5.406951 21831
4.565291 742
8.160418 95112
4.008949 27191
3.714508 2128
3.966124 31603
9.349173 18256
5.943303 21478
4.190524 38408
4.596314 15319
4.089464 4707
5.892114 168
5.607713 15583
3.73363 16645
5.552916 25349
12.849313 39805
4.081279 16945
4.898752 5331
3.943308 57407
4.991542 83634
3.893467 19971
4.337146 12587
5.079033 4726
5.837547 55824
4.206428 53116
5.953689 32484
4.035666 78706
4.097984 14611
4.783887 14370
5.396229 2641
6.332738 51735
3.945605 13576
5.901125 5659
4.064447 4738
3.69575 2383
3.794117 63074
4.366972 487
3.906309 2307
6.166958 5488
4.314744 25753
5.67346 3256
5.579719 38017
73.713071 59611
4.252736 27762
5.078391 28299
4.37821 41783
5.968589 45120
4.406126 110
4.2858 92391
6.617426 44805
11.312695 18747
4.533479 6699
5.28211 36027
4.172315 15224
4.87905 44833
3.846365 5297
3.988137 61192
3.825452 2868
3.989196 30469
5.864017 51015
5.754451 44459
55.020647 17285
3.507541 9146
4.594528 4662
3.480922 2419
4.651748 1901
4.366569 16096
3.86095 5639
5.998548 56426
5.559601 748
4.031308 13570
4.019603 49949
4.26304 15593
4.980605 15542
45.467704 58344
27.926418 43772
5.965744 43162
5.361532 816
4.504889 70790
6.541648 29194
5.344467 35038
