5.575549 9118
102.170751 20064
7.003774 62361
13.173488 58419
6.254762 101921
3.653607 15816
4.6731 4093
6.234688 4450
5.121404 57420
4.646338 18805
5.715013 31219
52.868013 41203
5.978757 24257
19.441353 28800
8.342204 45424
71.389858 14319
31.797919 3202
6.867901 15054
49.327976 36035
5.100141 23250
24.063362 47337
213.79137 7869
3.855164 2885
25.449153 37648
16.055808 35202
4.75469 380
5.580885 647
5.256256 19441
280.167754 19151
10755.592555 58943
4.145749 8503
5.667554 1019
5.034634 521
91.475658 13631
5.95152 24042
5.778826 4024
5.010257 5441
3.832528 17299
4.977462 2651
4.226448 22902
4.752001 1057
4.331569 1509
6.276266 49347
4.118871 20165
46.988452 17885
6.079737 33287
4.889759 7824
5.13314 9228
5.501858 15194
6.616832 39008
5.183586 3698
7.238144 15156
6.294615 71660
5.549338 682
7.091241 58359
74.170609 75485
108.614261 15689
5.910378 863
5.448165 52754
7.434988 32382
5.680215 5302
68.950994 100312
12.156825 22306
5.053447 4426
19.003198 17301
6.358491 11448
45.800865 37924
7.498462 45196
4.319383 38001
6.127874 5363
5.922684 10832
7.081244 20720
143.20327 29910
5.914243 2801
7.088976 100295
48.021307 2939
5.601071 78275
6.183436 15368
5.561136 47023
5.605957 3746
5.571516 12553
6.193529 38080
6.61699 33360
5.385302 48088
5.680634 2355
3.705845 1084
8.092601 101895
21.606417 18640
4.285582 15919
4.379237 40545
86.814129 38923
6.460554 88851
4.774217 54098
7.540078 18325
11.955395 47494
18.74759 22198
6.202519 15528
111.372806 29658
13.882509 33730
13.260865 23891
93.514738 31714
6.635159 5759
9.257731 7161
42.8211 17049
4.002303 4990
4.590377 37306
7.377864 4444
11.365447 57317
4.648799 27936
27.280476 30986
6.258291 16042
5314.750209 72443
4.00557 7728
4.125971 39612
5.910747 48577
11.51087 63445
84.957104 7641
8.607818 41330
4.67243 45788
65.901577 31324
4.971209 35915
3.7734 16601
4.424213 5800
6.070263 6142
8.333677 3966
139670.319707 8654
4.239891 12431
4.162023 3380
4.503457 14146
5.922168 2490
44.478973 9204
73.437573 7689
11.672911 32067
14.036181 42077
13.369461 64823
4.211403 19844
3.980735 2516
5.421945 5268
7.364919 3672
4.359338 18478
52.558718 51616
26.308717 32133
26.323706 42199
4.585826 1304
640.655613 8320
6.114778 952
707.162272 86345
5.894467 13170
6.082548 992
48.109887 2005
22.946842 17169
50.498499 45291
81.068445 23140
60.46212 42086
6.2738 36930
4.273546 1128
118.82978 51520
4.401398 19770
15.472616 33979
4.885168 15453
4.392489 14356
5.718876 16814
7.159358 66355
5.331166 20378
9.668475 16068
3.944347 20130
4.391932 15069
8.765756 32267
6.022077 9939
5.311471 2906
40.756136 26394
7.539088 30079
15.588553 28282
5.425526 37563
68.369315 19100
9.473356 45480
35.935218 53656
6.942028 29899
5.233545 42105
56.31103 26976
4.773897 7341
292.327528 3238
73.168854 36072
6.083231 9896
7.295075 31789
4.624952 27890
4.990349 2454
4.876091 41951
5.16198 15681
4.789271 30423
6.289991 1412
59.052563 51087
38.356842 96825
4.337948 21786
5.659596 3839
4.220901 45219
5.742758 4445
7.08596 38979
7.527744 11108
6.016628 40500
5.661402 4462
201.469986 5414
8.760698 53402
46.849443 16131
4.752105 14686
5.150148 33431
156.44837 11423
6.112018 23553
5.9483 15111
11.625698 26182
20.746676 83853
7.879653 2901
5.729579 44589
159918.980375 1763
5.148161 27272
7.62529 85761
6.899138 34616
5.39835 24293
6.266266 46971
37.641922 44726
8.082428 1623
4.012517 345
4.199239 2136
3.490091 41282
8.881444 47627
48.218019 14958
4.307184 17805
185.397966 1019
5.763363 13626
5.160404 4316
4.871006 28935
5.096188 541
23.95537 37447
4.19208 14054
5.701346 15067
16.446348 19550
6.676172 70601
6.326878 4319
5911.576049 23605
5.087285 36793
5.786006 37018
6.313956 18971
4.782683 2961
29.126582 9534
5.85904 16745
4.145607 17874
5.443625 4715
4.636207 17078
5.849117 10983
6.178762 3614
2987.027021 15946
4.340285 32421
4.460195 35403
12.555033 48094
27.632918 186
4.945786 43132
29.012148 55533
5.77249 15031
32.983613 48509
42.885731 20607
10.741676 5249
9.253055 45825
4.566922 2090
48.88677 18096
4.700945 5058
56.991047 5507
8.02949 34203
6.855729 48043
45.61413 26417
8.380692 50320
13.545881 31707
64.600902 2230
4.434919 31588
41.990603 14830
8.30966 47881
4.717636 8589
4.391511 2601
5.056831 3607
53.28617 24162
12.04761 22946
5.739658 22576
11.978696 24545
4.502441 14043
5.660534 45767
14.225648 17656
5.204041 13363
5.996212 5843
5.922172 11264
15.18017 16392
6.526568 6572
6.675513 28842
4.663333 34300
5.143066 37525
6.195166 2683
3.92672 27128
5.56405 63763
6.25055 9613
7.798338 61069
67.625665 1377
5.976791 17100
169.062066 43570
3.965026 50762
4.397129 30091
5.449012 11645
67.33797 29760
4.156203 7300
121.213221 48844
66.501846 15713
100.599122 22370
13.352528 15977
5.559165 20301
4.887766 5400
5.007845 35020
6.486145 77464
16.387419 27597
5.791248 51954
4.257124 5756
5.852161 11707
7.738441 72339
26.600479 39306
4.788717 3205
42.439999 25623
4.107133 5779
14.251951 51515
6.397678 48087
5.822622 17011
5.734664 1017
5.975201 39897
4.863608 2569
4.362268 21711
16.085568 52218
6.057019 16899
5.004609 200
3.451128 2588
6.800525 46165
3.650038 26703
56.55842 21382
5.247064 53319
57.306396 38033
4.20912 37194
6.198019 95980
76.23804 23789
13.665542 2190
5.159264 16615
5.300095 3351
36.715019 21603
6.234731 5981
29.631825 29297
29.229981 22562
8.65708 37653
5.813437 14921
4.241627 1047
4.442395 1315
5.709256 24454
4.651467 14182
38.188003 16975
38.320946 82533
5.72421 38852
3.521366 1499
56.314487 18196
4.137329 7615
16.807812 88073
4.094792 29403
63.858464 28821
5.845609 6168
85.990697 20055
5.29551 13433
5.668163 13835
6.436677 79571
4.173264 19951
6.207559 38363
18.789097 46370
5.422462 9302
4.043839 27765
6.088593 5240
26.556276 15562
31.464308 30993
5.979017 23531
6.437383 14520
4.386015 37486
4.692378 36326
9.869927 1353
13.105801 17125
4.900266 2142
4.068388 2787
43.524686 11242
5.209883 3483
85.924524 927
40.620315 17258
4.731688 17071
60.494866 5950
5.867555 60371
22.427149 29724
4.619769 46286
4.001528 3793
5.945564 9893
5.752423 6294
4.880127 40157
5.008389 40927
8.671366 101943
4.637759 50030
3.498331 47819
26.007089 16087
4.14763 31497
483.181078 2794
5.626807 3375
4.73908 5624
4.925675 15489
4.380916 46078
4.134682 5282
17.401654 3902
6.382031 1633
6.121587 26686
6.035811 3045
4.816557 42904
4.668926 8716
6.689754 40413
128527.352655 1933
4.347245 4874
136.915046 13509
4.09695 2509
19.571847 16442
4.381592 48444
14.150852 27250
7.942978 51269
5.741423 36676
4.419977 4051
16.547 17444
6.099441 70
4.869421 21888
46.449411 16681
96.152212 23429
17.281393 9597
5.870737 12803
30.866115 51804
61.536416 24310
3.941904 14738
137.941718 51075
3.643956 953
4.877314 34698
5.532797 27279
5.683083 18484
5.943408 4512
49.640339 94508
7.902144 50772
4.297928 4912
4.859387 45233
4.098815 16398
58.191272 13535
7.409752 31257
10.34066 43356
3.902736 715
103.047028 68948
6.477928 40731
4.40376 6644
4.996578 2024
4.185112 5163
7.536287 81078
40.042205 13838
5.294133 573
4.991279 51457
29.617148 53411
4.220786 886
4.538859 51564
5.629853 51443
4.351911 842
6.883158 51615
59.767237 11991
75.322787 53568
4.429132 12327
12.348308 4916
6.167463 2329
5.252454 33582
5.607718 48605
4.286716 2546
8.627384 43622
4.515048 31251
3.628942 12800
4.529489 57119
4.135724 4889
6.603298 13564
14.162867 14527
5.619539 49635
4.963819 5894
6.008247 4219
5.765697 48633
4.455609 17047
5.691068 18401
44.064367 17231
98.3279 21752
4.80537 34546
3.932442 4135
52.367587 5869
6.801805 1954
7.721024 15724
11.725073 81447
26.073148 3499
4.854084 41487
35.848758 49705
5.935317 23051
5.426321 22441
5.056573 403
6.354039 8126
12.693137 1189
25.486156 28548
5.435471 15296
10.14485 91153
3.986414 2543
6.017752 47077
5.769664 2194
11.422654 72538
6.08447 35170
164.768381 14953
47.417896 6139
3.926038 602
51.56323 17451
6.873682 14557
4.438932 11043
8.248094 46379
31.255665 18605
5.849343 3316
5.302902 52964
4.684575 44742
4.281651 34686
5.439534 47881
3.971391 18432
7.810958 80555
6.114154 46564
5.023485 1112
3.455646 49777
3.746263 44910
6.17763 14504
5.692414 4306
3.776901 20868
5.960408 98866
4.072792 16072
4.023745 2151
50.588665 10655
8.597725 39366
6.785817 11032
5.920683 3792
5.816557 2751
16.742982 48372
4.236708 96
5.00931 39613
5.354793 31155
4.358838 67155
5.863436 23362
4.502079 1493
48.506168 28984
4.209227 21497
4.004006 4360
6.579449 86179
5.474562 12838
7.35251 1981
5.648328 4511
22.534717 4980
4.41435 3736
4.179842 10024
6.486735 31842
3.904777 4997
69.361361 5131
4.182367 7014
6.473467 52152
4.320979 21803
4.649756 36180
5.952287 29193
6.037828 3521
4.253904 10971
7.368914 27034
23.951794 85251
5.898117 4928
4.857522 31420
3.754939 36158
53.666878 51480
5.400278 20753
18.304813 33624
4.541629 33259
5.629158 619
3.923766 3893
29.398003 427
55.366743 43140
32.1023 16095
5.774016 4949
5.336142 10679
90.765433 2646
6.128824 85976
4.688228 13461
6.932039 2756
19.142233 32074
13.182953 17504
56.02578 29361
4.500973 1992
5.087313 29829
4.415302 30429
4.543646 129
6.64462 2316
4.165078 7510
5.909379 16635
4.212999 2652
4.628603 10208
47.910166 53096
5.580424 25639
5.242348 35171
5.775054 15916
6.013216 945
17.693847 17709
6.57879 16331
5.482831 27694
3.661965 13507
44.367903 37456
6.178136 5411
5.691984 31741
17.80504 30432
4.267625 99
6.180572 42040
15.197817 16185
27.515929 44298
20.979078 2923
5.510376 1607
6.497329 25288
4.922937 4782
5.067566 7226
5.556158 22058
5.038185 37999
15.920239 85927
13.586859 82653
8.046909 26768
25.662845 54526
6.047501 18640
5.789473 689
4.23326 113
5.890639 3192
5.130859 4700
5.911365 35452
70.261621 40410
10.601286 617
