96.595148
95.524156
94.801314
95.424769
93.937147
94.371003
96.460077
101.272663
94.292528
95.494374
93.997076
94.277764
95.694255
95.382978
95.896309
94.534109
93.312897
93.160607
99.51135
93.371601
93.665927
93.241186
93.228467
93.874723
93.884058
93.577032
95.837636
93.902717
93.6414
98.570726
94.459924
94.170224
93.831474
93.935223
93.648851
93.422343
95.056254
97.816566
93.188163
94.814355
95.152904
95.123357
94.87471
93.384227
98.472845
94.951773
93.505617
93.878545
95.253879
100.450309
93.062815
93.795776
92.806023
93.733885
94.701211
93.334082
97.130259
93.507033
93.627659
94.430732
94.176654
93.9569
94.204612
94.964163
94.653041
92.803835
100.475125
94.165783
93.732847
94.126304
94.462845
94.726921
93.74136
93.998842
93.447195
96.739873
94.02606
96.009446
97.21341
95.206228
96.217621
102.322575
97.794449
95.881937
95.034045
94.182948
95.462339
93.760808
93.365359
94.577346
106.73164
95.006234
94.788837
95.289078
94.055332
95.275935
93.888695
94.423174
95.697002
94.351321
95.409095
94.715459
94.82367
94.14203
95.039501
95.664267
93.44313
93.457122
94.450596
94.240483
94.0406
94.859943
93.314933
93.933895
93.977774
94.393976
95.84726
94.047407
94.45973
98.121434
94.083857
94.246489
95.079172
93.76989
94.535032
95.503732
95.433727
97.320968
95.57443
93.619202
94.514251
93.869049
95.057348
95.204286
94.476495
95.172614
94.391629
94.449673
95.297464
94.836252
94.973104
94.534241
95.18375
95.780127
94.010623
95.311902
95.248038
94.965481
94.333514
98.035254
93.17211
92.633254
94.114665
95.344503
94.068392
94.876253
93.4827
96.808708
94.726474
94.25782
94.807681
94.59432
94.209285
93.961414
94.452192
100.573549
94.101078
93.842646
94.454157
93.259322
94.553029
97.874141
95.1642
93.375124
96.356121
95.461625
100.319955
95.967253
93.925432
94.831499
95.085685
95.214835
94.311313
93.721096
94.195803
95.981928
94.471161
94.421541
96.8427
94.173843
96.221989
93.093949
95.353148
95.692188
97.395616
93.80825
95.629394
92.577161
94.018914
95.612705
93.623216
93.968587
94.525176
94.447277
95.058652
94.510956
92.674675
93.33361
95.424864
94.435203
94.200606
94.322935
94.501649
95.860331
96.30579
101.778704
94.328137
97.191521
96.342006
95.733669
94.273423
94.647577
93.013268
93.331586
95.354907
94.318431
95.814424
94.818268
95.403793
95.981444
97.347826
95.644213
109.273837
239.042821
95.496432
94.489039
95.01505
95.095867
95.518236
95.896165
94.900134
94.834882
96.040354
95.030908
96.961749
95.864106
94.925061
97.249991
98.143109
96.181738
95.186147
95.756194
95.040173
95.176814
95.487062
92.947962
95.035941
94.362456
94.183812
95.575953
96.002574
94.573491
99.293388
94.213953
93.493455
101.322425
93.596299
97.102983
96.631855
93.499723
94.776701
94.420302
94.986298
93.464221
99.359832
95.528528
95.030594
99.903954
93.972575
94.748493
94.88532
94.218742
93.178059
93.31149
93.581917
95.903395
94.433051
93.056778
94.214171
94.951484
95.360311
94.038842
99.077579
94.829419
95.990842
94.652465
95.506837
94.123413
94.709993
94.171807
94.772617
97.419778
94.532235
94.587837
94.997077
95.642778
96.212884
95.742054
94.69184
94.259034
94.746271
96.085354
95.532907
95.443865
93.28323
93.731731
93.588138
93.977285
94.970549
94.462028
94.252674
94.725788
94.752513
96.1683
98.564956
94.547069
93.166851
97.180892
95.046059
95.347853
94.401334
95.660632
93.331709
95.059875
95.987625
95.44472
94.64321
94.519107
95.517539
94.467627
93.658714
95.336208
96.536158
95.830269
96.886025
96.433548
95.90314
95.411903
95.581136
95.358491
94.676155
96.389176
94.92412
96.71523
94.993527
95.797942
96.280198
95.221898
95.800166
95.843243
96.134147
96.143906
97.251588
96.172424
96.499183
97.052028
95.416024
97.67974
94.547523
98.649702
99.857444
95.879312
96.174304
98.484116
95.358701
94.153359
98.125259
95.560037
94.549704
94.828767
95.677759
93.285123
95.225739
99.343467
96.430641
94.543692
95.041696
93.911088
95.188351
94.184994
95.987936
96.450797
95.947838
95.826697
94.647356
95.075598
96.430164
97.440664
96.418699
94.603547
96.876437
96.013589
94.796423
100.432446
95.74013
95.038757
99.163597
96.70912
94.901561
95.303803
96.5426
96.10373
95.838533
95.808179
95.336921
95.861008
96.008258
95.167311
96.717563
95.311329
96.521665
96.491408
96.190398
96.587147
95.976995
96.882743
94.995107
97.313748
96.631325
95.324378
96.570383
99.238347
96.959053
97.457157
97.663078
97.709824
98.526957
99.321507
98.096707
98.64287
99.876294
102.463555
100.353849
100.560719
102.019339
103.336791
102.341204
103.961703
105.031753
95.216345
94.359293
95.307012
94.598862
94.664297
94.260108
95.41839
95.808228
95.256938
94.608228
95.264538
94.669764
95.43864
94.356817
95.150258
95.11777
96.79377
95.737148
95.426036
100.298118
100.247142
100.78976
101.272553
101.938556
105.215461
103.779414
108.588397
114.212521
122.113867
136.051345
171.18381
321.678586
93.60588
95.064055
99.404161
96.048109
95.353901
94.577935
97.059235
98.247903
95.432866
94.408646
101.722987
96.065953
97.698451
96.061992
97.309903
99.290137
98.851274
98.894204
101.491984
102.599937
106.188609
122.123198
187.36988
97.208592
95.250189
96.051324
96.083165
99.623663
94.670046
95.942468
96.217432
95.814949
95.587435
95.845075
96.402777
95.340602
94.916542
96.50943
98.211404
95.88484
95.63594
95.323219
95.454539
95.506929
94.69917
96.293108
94.90844
96.870638
94.850317
97.173929
98.089247
96.610949
97.166047
98.401683
96.206068
97.203618
94.418251
97.267537
98.406107
97.283733
98.939625
99.279617
99.585571
99.478679
100.511638
103.499391
103.905554
106.308149
111.2972
120.990701
155.338909
128.056963
95.098221
94.243487
95.687184
96.444615
96.754804
95.639565
95.703401
96.692233
94.557083
95.336666
95.527329
96.71028
96.077688
99.511834
94.88178
96.099792
95.031453
95.408888
95.761186
94.986395
94.224844
94.415992
94.804073
96.616448
94.324999
94.550235
96.102738
96.606156
95.32487
97.254509
97.769165
97.400811
97.288133
99.325654
95.175802
98.280243
98.382318
98.572454
98.217633
100.046175
100.261017
99.579852
101.394075
104.207031
105.851861
108.325474
115.700911
127.864737
176.173626
96.937379
94.832736
96.041427
100.261619
100.947807
95.889495
94.268394
95.360728
94.547237
94.012005
94.197738
94.574613
94.503582
95.812803
95.904529
96.873347
93.977
94.109901
96.298914
95.777794
95.817099
93.967403
96.033694
95.008612
95.067798
94.65367
98.031608
95.000709
95.532271
96.594865
98.966984
95.83993
99.768512
97.454351
99.791495
98.278752
99.960058
97.821582
96.458761
98.197558
98.026504
98.048933
100.265233
100.369396
102.845205
105.619204
107.593585
117.157136
133.357054
206.461095
97.277875
95.383173
94.482701
94.852556
94.388127
94.311842
94.922247
94.467195
94.035253
93.698709
94.679781
94.309889
95.830969
96.107223
95.249913
97.262447
94.644739
95.686028
96.985052
97.131439
95.268386
96.437872
96.885761
94.953411
95.399393
95.571587
94.959508
94.470181
96.607063
97.708743
97.839683
97.313245
97.636665
97.732076
98.032761
98.240332
102.386435
98.351737
98.2377
98.978722
100.777835
99.366672
100.29579
100.237069
102.094841
103.803331
104.81346
108.478267
115.055203
95.906222
94.283776
95.670254
94.567667
94.451565
95.555178
93.647739
93.799815
93.927482
94.616331
94.553992
94.366811
95.148113
94.047097
94.511729
94.290607
95.768317
97.793753
98.093318
96.893817
94.66775
95.025115
96.669802
95.424571
249.641055
96.33276
96.141336
94.47193
96.449034
96.222328
100.980974
97.9865
98.097939
96.748831
98.39322
97.480898
98.946851
97.639824
98.06197
100.311417
100.810229
101.924023
103.138472
103.633006
105.501397
113.916628
132.475085
170.419096
308.107967
94.877894
95.440088
94.999847
94.773686
94.552482
94.184895
95.153713
94.192385
95.558923
118.730455
96.556538
96.111469
96.156587
95.46698
96.184747
98.083574
94.942467
98.803997
95.411964
95.942253
98.776368
97.557084
98.348708
98.047521
101.438458
97.17188
97.404565
96.981341
98.275774
99.580411
98.430842
97.331693
100.033885
100.495229
104.369132
101.178161
102.503251
108.757831
107.919114
114.405326
151.593488
261.893571
353.125111
94.655651
95.207278
94.180259
93.923558
93.276739
96.319628
103.310708
94.213057
94.025992
94.428696
95.079967
95.7848
95.547615
94.595952
95.737716
93.641999
93.739741
95.155414
94.44371
94.682653
99.105097
94.990144
94.403559
94.580038
93.487324
93.641828
95.017663
94.615199
94.727888
93.150524
93.831569
94.011776
96.781313
92.664184
93.267273
97.946052
94.951838
93.91606
94.441812
94.707182
94.149569
93.861086
94.719324
96.476645
96.067292
94.908859
95.082592
96.050854
95.601293
94.790739
94.480242
95.737362
94.317073
94.890632
94.464916
94.287875
94.953073
94.313889
95.639663
94.744679
95.412533
95.901709
95.292911
95.368665
93.918191
95.806055
96.687632
94.422259
95.073761
93.713599
94.238596
93.257053
93.667078
99.985469
93.595412
93.626757
92.777222
93.098974
96.6788
93.68543
103.650245
98.659843
94.126795
93.446625
93.000225
93.933904
94.344145
94.137902
98.04086
95.339705
94.049623
94.801831
94.497696
95.219453
94.04145
95.279395
94.366824
96.496114
95.383795
94.06288
93.758596
96.944861
94.478548
93.95843
96.459013
94.91482
94.660208
94.62963
97.28213
94.586008
93.55252
95.267508
94.133293
93.67749
93.686271
95.750431
94.839413
93.851272
94.609181
98.654639
94.83565
94.537273
94.460533
95.426364
94.219788
94.812441
100.445222
93.436925
94.866291
94.814691
94.178165
94.72544
94.887511
95.77739
94.667132
94.294692
93.889015
94.196912
94.461817
93.379811
94.417901
94.468405
92.951312
93.91921
94.360408
92.807781
94.284363
94.22306
94.591901
98.010223
94.855029
95.845369
94.200228
93.130702
94.128454
94.541814
94.73951
95.518991
93.40784
93.859295
93.57967
98.258388
94.163334
93.947073
97.759914
94.170274
94.540525
94.967847
94.473412
94.976061
93.912365
95.0566
96.655235
94.650494
94.107817
94.034539
96.103355
93.829527
95.132566
94.06555
94.456346
94.621339
94.17412
94.420747
95.487173
93.777825
94.273204
97.578348
96.01414
94.012732
93.948046
95.585877
94.451749
94.81303
94.756799
95.094172
94.193659
92.827305
94.441277
93.443246
94.006438
93.759969
94.985032
94.30451
95.237439
95.427731
94.573796
95.596052
94.528083
93.807435
94.76672
94.445417
93.520049
94.342751
94.430031
95.924384
115.501318
95.524299
95.226332
93.933185
93.895137
94.183951
97.283733
94.796976
94.440728
97.75459
94.017857
94.377681
96.224681
94.087861
94.210686
94.660593
95.488321
97.949724
93.594904
93.429372
93.523466
94.912423
95.830734
94.203073
93.525686
97.385593
94.553343
94.946702
95.764371
93.589824
96.066636
94.156049
94.614443
98.987616
94.75822
95.123137
93.671707
95.415658
94.715956
95.700221
93.730665
94.360145
93.76153
95.362495
94.87966
94.336852
93.815535
95.685817
95.821909
94.429381
95.421791
95.242131
94.623059
95.490118
94.277997
95.011292
96.105809
95.164207
95.523765
94.404657
95.653938
100.4098
95.498829
94.243435
96.367117
95.896949
96.188632
94.644922
96.793557
96.109233
96.280132
94.549547
95.850561
96.498973
95.26569
94.6212
94.825885
95.033649
102.282355
94.819584
95.387919
96.131685
94.410699
93.794982
95.199552
94.395816
94.655579
94.266914
93.70863
94.516904
95.321907
94.666156
94.445212
94.129
97.794347
94.161826
95.490501
94.207368
99.088923
97.103513
95.380674
97.541873
93.760453
94.100062
95.293329
95.173718
95.026445
95.426743
96.442732
96.442841
95.269096
94.949678
94.762162
96.556267
96.356329
98.30607
96.894272
95.528154
95.414827
94.081298
94.937207
95.461233
93.380063
94.746737
93.821469
97.450792
96.500054
95.611217
94.491459
94.358447
95.389328
94.578481
94.234423
95.266517
94.874416
94.864979
93.648783
94.48889
94.357867
94.475037
96.018555
94.744771
96.512223
95.76999
93.889767
94.346469
95.225757
95.663549
96.723542
98.071203
96.178472
95.403732
97.147375
95.026995
95.408868
99.789738
95.274558
96.925592
95.809767
94.527585
95.637956
96.702681
94.943514
95.83955
96.032048
97.050712
95.178819
95.145472
95.141737
111.913415
97.09825
95.521742
95.658557
108.809272
94.166221
95.124165
94.024097
95.267951
95.834894
96.289762
94.747701
95.981443
95.8343
95.975592
96.012315
95.388079
95.22729
94.858478
94.974846
95.869813
94.150827
95.678557
96.91378
94.809206
94.074586
95.220396
96.275555
97.275646
96.109795
95.033983
99.83469
94.245799
95.177486
97.273428
96.221308
97.044062
98.387211
95.374818
98.321481
97.732763
97.096263
94.686733
96.427952
98.274899
95.135147
98.78438
97.576367
96.36144
96.157531
98.640853
97.543529
99.345873
101.529151
101.619864
98.692185
100.693798
99.19068
100.253158
99.781444
103.2059
102.662812
105.261003
107.309118
108.699934
94.621453
99.102919
95.406999
96.463256
96.002609
98.656176
96.470758
95.656439
94.818104
94.970645
95.28821
97.13703
95.762169
96.38525
95.559184
97.255963
100.327078
97.615424
99.17966
97.958317
97.923249
99.961108
98.23243
100.603518
103.71399
110.574499
112.027074
119.027127
132.999275
182.175301
363.579094
95.394088
96.220653
96.327039
95.87726
95.021384
99.083098
95.827558
96.973967
98.206537
96.743332
95.522348
95.925406
99.590566
95.759482
97.613928
97.730481
97.281607
99.741504
102.879249
102.839641
104.369961
109.49262
117.496417
171.97146
96.116674
96.453513
94.567141
95.385623
96.009694
96.929423
95.993335
94.862599
95.263049
96.561275
94.769476
95.602651
95.359386
95.513116
95.522362
99.291032
93.990552
93.957573
94.959113
94.5088
93.989526
94.35859
95.029794
94.522251
95.359212
95.282129
95.36277
96.071975
95.544692
95.815708
96.991063
126.891073
96.474784
96.560054
96.971674
96.601772
96.696998
96.840056
98.828885
98.647651
98.855894
98.513478
100.393647
101.432483
102.619992
105.792243
109.868013
119.643219
147.066707
94.06946
94.691457
95.977713
100.441644
94.466376
95.391116
95.015409
95.828991
96.090217
98.180036
95.988071
93.941679
95.60209
95.427623
96.787131
96.38297
96.482777
94.786595
93.778114
95.530112
96.105625
96.796993
95.447371
96.010521
95.218497
95.300365
96.634224
96.200265
94.964601
96.662534
96.932266
98.527037
96.136808
95.972644
96.863892
97.770982
96.881965
97.009101
97.090496
98.112962
97.174882
99.805265
99.198092
99.337355
100.641697
106.173342
104.970684
108.956803
117.330553
150.979929
95.746956
94.192468
94.487327
94.944208
94.72532
98.522366
95.049274
93.95355
94.093429
95.847319
96.718472
94.586061
96.56936
95.135346
94.642405
94.86349
96.168312
95.230008
94.985896
96.17107
96.319812
94.901198
94.817789
94.846929
94.724433
94.905228
96.93646
95.281728
95.491908
96.721266
96.631101
96.355117
95.729071
95.56978
95.673156
96.906458
96.242201
97.134288
100.64421
97.689711
97.76286
97.842031
98.258275
99.316337
100.927496
104.871898
103.947559
106.881947
117.412058
130.838688
98.010489
94.851144
95.414929
114.55822
94.372873
95.117137
95.402461
94.003838
95.623235
95.087055
94.259073
95.493991
95.84306
95.843275
96.407309
95.69286
94.693981
96.268279
95.962399
94.942028
95.533195
94.943646
95.660065
94.547084
95.142436
96.176756
96.219293
95.994904
96.598815
95.513736
96.12726
96.001171
95.590371
96.558745
100.9809
244.369756
96.5092
101.866678
96.286456
98.224352
98.169691
97.962726
99.171699
100.919136
102.044118
104.791746
105.190281
110.286027
121.587061
95.617215
94.887494
95.897519
94.965138
98.693806
93.6373
94.741812
94.662638
95.034717
95.317476
95.559886
96.946172
95.963828
94.178658
95.600743
95.381124
98.6233
95.516642
94.623538
102.167513
95.584893
96.01196
97.35492
97.258389
96.571871
94.960846
96.192788
95.658423
96.038417
97.87121
98.146554
96.21722
95.580375
97.904466
103.103675
96.827901
97.349642
99.67908
98.855092
98.904396
98.235059
99.162135
100.083449
100.283552
102.902981
102.958041
106.838886
109.730154
113.374338
95.551649
96.638608
95.167189
96.193821
95.309165
100.834539
95.930034
95.692419
93.086232
98.384734
94.895057
96.969398
96.097285
95.958271
96.29431
95.627009
96.962682
100.173453
95.645193
96.972027
96.381858
97.39812
96.192107
97.764148
96.173646
95.633272
97.612195
95.492276
98.642322
96.702694
100.368214
99.484791
99.030655
97.640603
96.954316
99.119641
99.250259
98.893235
105.219813
100.305074
100.352872
102.012785
99.243428
94.780791
94.190112
94.95268
94.994878
93.497468
96.214513
95.819814
94.282273
95.053066
94.385227
94.90175
94.635968
94.795446
95.757483
97.284085
94.780908
93.172029
99.705426
94.529992
95.352355
93.46591
94.911367
94.291483
95.139139
93.668181
94.539403
93.441502
95.92402
94.93232
92.915191
92.528369
99.168566
95.840867
95.314451
94.69385
92.973769
94.001108
94.452798
94.832005
94.242303
95.21728
93.309213
95.121131
92.228021
93.762198
93.109022
94.01048
95.692791
95.701502
93.954716
95.648489
96.523391
93.366411
95.722087
94.311661
95.581065
93.243742
93.776503
94.914209
93.250171
94.8732
94.490222
92.88397
95.610477
93.910023
95.033351
94.849131
92.460943
94.982393
93.964422
95.096102
248.05979
93.204569
93.169451
96.799487
94.738353
93.995527
93.28597
95.865962
92.52588
94.874951
93.687311
92.783489
93.776923
94.297857
94.763173
93.410915
93.988286
94.168868
93.802046
93.214688
94.998221
96.929101
94.902377
93.231749
94.627522
93.013702
95.968008
94.08342
95.023121
95.057314
93.361192
94.977922
94.440321
94.231076
93.947168
93.735069
95.151176
95.43558
93.479974
94.597495
96.102255
93.421453
94.360128
95.698785
98.846531
93.648839
93.271084
94.03627
93.032644
93.710783
94.829749
94.325519
93.800886
95.422159
94.462902
95.277395
94.122524
95.777603
92.92032
93.354657
92.981656
94.199129
93.923828
93.580108
91.941926
94.303601
95.597814
93.704156
93.94995
93.978956
92.867361
93.693212
94.220224
95.485714
94.609409
93.308424
97.233198
93.934948
104.684988
94.817225
94.455106
95.206388
96.44604
93.707155
93.718517
95.534569
99.684725
93.225428
94.168693
96.042097
94.825183
93.154164
94.825839
93.736072
96.607326
99.405278
93.432127
94.499751
95.740055
96.31574
93.270275
94.417
93.257583
94.117593
93.729393
98.089358
242.314821
94.121682
94.623329
94.058899
93.850382
94.470533
93.941959
93.316152
93.509374
94.41742
95.581375
93.074813
93.161554
93.169226
93.954235
93.424443
93.97068
93.272584
93.86689
96.059298
93.386628
95.212148
95.523046
96.588488
93.321876
93.765201
93.801444
93.40547
94.004628
94.236809
93.63559
93.973316
93.23359
95.470158
94.478846
94.102679
93.267594
93.720483
94.335398
94.503263
95.234398
94.974948
94.379592
93.41256
94.533844
93.082891
94.488747
94.241214
93.052355
93.833186
97.154945
94.184164
95.039765
95.484137
93.918235
94.27195
98.022481
92.90071
93.172561
92.441846
94.66972
94.342363
95.455386
95.712744
95.491667
95.520459
93.669668
96.026434
96.983082
93.304489
95.1705
93.172751
93.747155
94.29296
94.33658
93.740891
93.761128
92.867745
93.848347
93.600148
93.346047
93.807384
95.114281
93.974071
92.694668
93.954077
94.825539
94.242311
93.830812
94.605583
93.978239
94.902522
93.754828
93.62216
94.887739
95.436391
93.784572
93.380632
94.847149
94.491295
94.106975
94.962885
98.939497
94.48904
93.080772
94.36692
93.453217
93.838139
95.521457
93.779919
95.208992
93.514744
93.605158
96.895177
94.469135
95.853442
93.810936
94.421882
95.035749
94.448932
93.684383
93.036873
92.333318
92.997737
95.429513
92.737748
93.320021
93.464581
96.328985
94.11117
94.107143
97.921324
95.557715
95.379392
94.707118
92.618265
94.792732
93.94157
94.072365
95.61488
95.595229
93.598032
94.53919
94.921638
94.420983
94.640621
96.982346
93.491682
94.835103
93.917533
94.832099
94.760207
93.386029
93.349802
93.722126
93.789711
94.25528
93.808921
96.944998
92.20109
93.446882
96.256352
93.577988
95.660655
94.428934
94.963515
99.312724
95.079894
93.285019
93.703412
94.247045
93.803846
94.512263
95.015692
94.363635
93.47977
93.806963
97.073443
94.642021
94.721219
94.534424
97.468697
93.43099
94.750037
95.954154
95.122156
94.704357
95.485294
93.817
94.622448
94.836202
94.039638
94.920857
94.874574
100.331662
95.290301
96.644846
95.642227
94.430317
94.389555
94.093084
94.154925
93.69239
96.92624
95.4239
96.259603
94.74853
93.128176
94.600946
95.289896
94.53409
97.961306
93.683987
95.556313
95.803239
95.051218
94.885783
95.154949
95.299634
94.985431
94.864797
96.513528
95.624133
94.892456
94.647948
96.158508
100.21657
94.144881
95.472057
98.234435
95.69257
96.62471
95.538036
94.309781
95.246609
94.767518
95.256485
94.325397
96.549048
94.563909
95.536327
95.32056
94.586226
94.865821
94.771666
96.047366
96.557547
95.912632
95.535543
96.25363
94.813034
94.991587
95.338894
96.937066
99.06569
95.372435
96.496075
96.029284
96.573444
99.237548
100.870138
99.109447
97.533976
96.947331
99.186098
100.666437
100.129374
101.907588
101.563676
102.553981
103.360145
105.189929
93.682099
93.39336
95.840927
94.596222
95.399244
96.657993
95.213948
95.368145
95.029021
94.525567
95.485291
98.022829
101.907731
95.27913
99.220381
95.831806
98.774438
96.396971
95.272551
101.955229
100.408966
98.918322
99.155777
99.503546
101.466585
103.87816
107.929876
111.320746
117.274565
131.892445
156.238096
287.115711
94.55865
95.866766
94.818558
95.501598
94.750414
93.291372
94.982773
95.582947
96.092923
96.63534
96.25644
96.745211
96.869623
96.0858
98.153833
98.257339
98.018223
98.46393
102.189288
102.669273
103.921679
107.07977
119.338601
169.761254
95.41361
95.90733
95.209669
93.948699
103.557325
94.264961
94.513184
94.290796
96.898772
95.106986
95.468541
95.086831
94.319157
92.934525
96.659437
94.097309
93.423924
95.530726
94.13617
99.165748
95.895691
94.650419
93.247035
93.792629
95.176825
95.742407
95.023647
94.552955
95.372158
96.37093
97.174268
97.36319
97.838483
97.70241
99.403403
100.449632
110.134468
188.981216
247.674712
234.956192
280.427069
247.827219
250.269973
281.58756
403.094039
93.543792
94.880019
98.721475
95.908999
93.877601
93.891512
93.373895
93.998067
95.855232
95.016122
95.067644
94.539247
95.398622
95.196676
95.503708
96.143413
94.261974
95.766905
95.372444
96.436118
94.128759
96.208155
96.454101
96.505371
93.75044
94.607979
96.809795
94.948384
95.032655
94.578827
95.222162
95.434016
95.925789
96.625572
96.482554
98.405547
97.468976
95.981935
97.019331
98.885251
100.149227
99.400832
103.013419
104.908912
111.474375
124.368181
168.555326
251.80465
354.642032
95.231719
95.682531
94.482841
94.222486
94.397358
95.484165
101.523341
96.782572
94.041088
94.401533
102.227138
95.345681
93.978886
93.792362
95.02874
93.804895
96.097399
93.649966
95.187362
94.376635
96.54767
95.041644
96.142448
94.062904
93.968156
95.426278
96.173105
95.697417
95.334158
95.013945
96.75347
96.301895
97.082405
99.216771
96.994561
97.319376
97.145483
96.769257
103.915473
97.489264
98.022059
100.658252
99.943276
101.494442
101.441079
109.48706
117.900435
176.285189
352.301037
93.7837
93.267307
95.675217
95.366812
240.387408
95.623419
96.289549
94.700905
95.831726
96.158906
94.344617
95.616211
95.386721
99.484528
94.195269
94.945472
94.18
96.892624
95.217295
95.987898
94.512601
94.639508
94.76187
95.760417
95.252384
97.51792
97.601683
95.878242
100.801623
100.170733
95.527672
95.487682
95.801801
96.434384
96.023972
96.552941
96.478831
102.844462
96.517855
98.169865
97.408216
100.096471
98.621357
100.361374
102.985872
103.835041
104.553598
108.777418
115.843513
94.458376
95.056816
91.932696
94.717226
93.677467
94.623341
94.378848
94.593469
93.053169
94.432732
94.107939
95.600882
94.884353
93.835561
94.801356
95.623075
94.155451
93.633991
95.194751
96.135079
96.353967
95.172962
95.674061
96.992819
96.843857
94.727616
99.616643
95.269837
96.298995
97.200976
96.103289
96.314218
96.414964
97.480927
96.505331
97.953905
101.138153
99.294059
100.424464
103.095205
105.774686
108.585824
121.362366
149.696745
252.958678
386.897353
384.394455
94.676173
95.00473
94.551674
94.117823
97.082513
95.462417
94.976829
94.040081
94.560339
95.00707
94.112852
95.098795
94.107265
94.543088
94.6437
94.64575
95.50538
95.193344
94.337321
95.484406
95.257949
93.897518
94.775155
97.067626
95.817083
95.047566
95.442308
95.509304
97.282741
96.361975
96.766664
96.346378
97.090234
95.644426
96.865612
96.725374
98.253196
97.843034
99.112062
97.0247
97.961069
98.738594
101.644915
98.739863
104.885805
103.951096
101.904134
96.789207
94.078326
95.181728
95.607207
95.504335
95.329554
102.017328
94.817874
95.203555
95.501701
93.938495
95.525479
93.913967
94.118966
94.094902
93.574277
93.528795
94.446878
93.845016
95.014167
95.056523
96.206669
93.984703
94.859267
93.884815
96.079643
94.398146
95.751414
95.852745
94.659795
93.955922
94.013031
93.745874
95.008025
93.771756
93.914206
92.614596
93.745349
93.737912
93.173029
93.600229
93.88669
93.463294
94.500458
95.537286
93.496257
93.671684
93.603162
93.394138
92.558215
92.585441
93.631927
93.633498
93.345723
93.533478
93.104914
93.421717
93.487158
93.591454
98.339559
92.829294
93.772277
95.448106
96.040214
93.957787
93.468618
94.866699
94.020624
95.413493
95.847592
95.401549
97.572337
95.498697
95.451542
99.132792
95.445801
94.316145
94.971987
94.304525
94.5247
95.122801
96.366645
93.823574
93.262059
93.514511
94.366128
93.161567
93.537203
93.954258
95.360466
95.724991
97.290806
94.146591
100.112679
105.71267
94.522127
93.619252
94.590759
93.457022
93.604291
93.231542
92.410299
92.837723
93.900764
94.66784
93.647361
95.075601
93.231431
93.695851
93.369142
93.264712
93.557784
93.687214
94.633614
92.529155
95.27626
95.182968
94.119618
95.381876
94.966148
95.155768
94.089322
93.717204
94.79767
95.33763
93.624562
94.393166
93.392934
92.810041
93.433409
93.559469
92.913142
94.478988
93.624636
93.847071
95.451674
93.382684
93.707393
95.20123
93.479801
92.609353
94.156725
94.237185
94.368114
95.523225
93.108862
93.467579
93.794218
94.68899
95.125517
95.612757
94.742078
95.397544
95.876461
93.079163
93.903174
93.05633
93.991774
93.869125
93.392741
93.967548
93.294004
94.123854
95.424394
95.088155
95.09408
93.467156
115.950489
94.837592
93.698194
95.903896
94.921206
92.959742
94.662809
99.440252
93.436646
94.107906
94.01542
93.876136
94.89551
94.44739
102.776711
93.916554
95.411395
93.166097
94.609053
94.040608
93.69018
93.834365
95.220124
94.529078
95.447483
95.76091
94.259215
93.797749
93.736671
97.521043
93.857504
95.047633
93.911829
93.5576
94.091294
94.716038
94.262435
95.1399
95.698681
95.422214
95.047548
93.97859
93.053431
93.449472
96.938638
93.565726
93.783153
94.043852
93.78615
96.723614
93.562594
93.766987
94.892695
93.411918
93.894252
95.953471
94.134298
94.440275
93.544232
93.692072
95.556639
93.55078
95.539503
94.393869
94.332939
93.928235
94.299842
96.640849
97.749054
95.701379
95.191361
94.821458
94.256444
93.397487
94.739893
94.498577
95.328531
95.542933
94.785432
93.785996
94.230591
95.480758
93.255149
95.782804
93.797271
97.090241
95.98582
94.99223
93.447677
94.585926
96.012093
94.762632
94.926177
96.000456
94.763199
93.58643
94.76883
95.437735
94.860147
94.154137
94.067729
93.620454
93.786912
94.176038
94.176815
94.651852
95.379017
94.272837
95.627396
94.196171
94.554823
94.595152
94.471166
95.004235
94.099795
93.387585
94.047451
94.007573
94.756431
95.338752
93.325605
94.304868
94.132344
95.796109
94.261196
94.205139
93.799881
94.681942
95.397927
96.081917
95.907505
94.444369
94.408623
94.654077
110.933319
95.563716
94.280779
94.315496
93.515929
94.012313
93.879514
95.698745
94.744273
94.034935
95.615736
94.116743
93.983957
96.067046
95.153973
95.127198
94.880512
94.646087
95.679145
95.281601
95.14027
95.474904
95.880143
94.818483
95.605031
95.604604
94.630289
95.178099
95.65618
94.643448
96.237964
94.506588
95.98076
97.131248
95.851143
94.475393
95.827887
95.854214
94.700506
98.972639
94.360215
94.988252
94.851072
94.777427
94.765277
96.371231
96.088744
96.258569
96.507908
96.226906
104.842796
96.760442
95.582601
94.654367
98.719831
93.845774
95.709689
94.148914
94.500125
92.96581
95.694805
97.559122
93.473198
94.335556
94.325994
95.347789
93.811288
94.422587
93.838133
94.842651
93.965401
94.297912
94.512962
95.372732
95.896703
95.543438
95.851157
95.095069
95.975967
94.410776
93.717245
95.476556
94.881231
94.219288
95.244516
95.203988
96.810268
95.075626
94.155687
96.391152
94.986518
94.852718
98.468824
95.795151
94.794941
94.661807
96.581073
96.229691
96.997796
95.590269
93.879199
94.141826
94.856956
94.477715
96.159758
95.610267
95.288345
94.655912
95.819368
96.038316
95.045876
96.015518
98.969126
94.852557
94.929686
101.819269
95.940495
95.967558
95.973608
96.041157
95.821601
96.476817
95.974328
95.344766
96.422006
95.225418
95.041513
99.681062
95.899369
97.123055
95.807808
96.65708
98.505563
95.921236
96.621215
97.630722
97.89948
96.130149
98.131604
97.494731
98.805222
97.723148
99.67697
100.183631
98.803852
99.528409
103.585771
101.818493
103.275879
106.034279
96.272599
93.873891
95.146537
94.220265
96.246437
93.92033
94.856236
95.266865
100.269963
96.104146
95.009314
100.266156
97.07298
96.941237
95.74127
96.01333
95.793055
105.191435
99.045633
102.927439
97.973503
99.125529
101.010277
101.5636
104.4417
107.398362
109.017931
119.548528
129.747287
146.624642
239.324766
96.202814
95.327385
94.470471
97.531516
93.974232
94.101556
95.682546
96.301189
95.271482
94.902369
99.207332
95.980229
96.725751
94.55452
95.537425
97.046811
96.285922
100.034638
104.848738
101.485869
101.747179
106.949398
118.423131
160.936826
95.308243
94.86641
97.991277
94.939959
95.57991
96.030339
95.070692
99.134174
96.990616
94.743127
95.838043
98.72227
95.142816
96.006842
94.602021
96.371027
94.810372
94.166411
94.725579
95.997956
96.847463
94.87364
99.097001
94.031591
93.898125
94.313738
95.841692
94.588782
94.948658
96.089491
96.11201
96.074161
95.533655
96.828442
97.557706
103.282313
99.349938
96.833825
99.933351
96.676846
99.775194
99.893343
102.343924
104.029777
109.901583
116.202244
139.49794
93.615674
94.149413
93.490714
94.997527
94.045775
94.602183
94.857699
95.555289
95.705267
94.228274
94.565495
95.189782
94.612513
94.347995
95.093647
94.457614
94.426108
95.323044
94.952369
95.719354
93.423151
95.830294
95.931623
96.10984
94.618899
94.787988
95.674966
94.870735
95.956711
95.77729
96.055684
97.161186
95.890587
95.879319
96.882691
97.257904
97.7022
96.045516
96.769698
99.25888
97.351298
99.593658
98.964774
99.09927
101.806075
102.681473
106.52331
109.536279
118.085319
97.501414
95.601608
94.182588
93.524653
94.982876
94.134042
96.758977
94.395115
94.807227
95.62407
94.36081
117.402022
95.139482
95.075579
94.965961
94.383409
95.796759
97.046541
94.656114
96.545587
94.946715
95.136388
95.619967
96.377485
94.506785
96.435398
95.860866
94.584305
94.739816
94.594202
95.7518
96.161419
97.286436
101.57194
95.800977
95.716787
95.736415
97.272862
97.976534
98.75238
97.605331
98.984033
98.430042
99.753314
101.237755
104.748824
105.016127
109.099368
120.604798
103.461947
96.051766
95.739616
95.434476
94.779783
95.746738
96.312986
95.092076
95.300195
94.9436
96.607086
98.393827
97.736971
96.344577
97.375837
99.764747
96.559231
94.516134
94.319499
100.922823
95.422389
95.397523
95.428557
96.709233
95.437295
97.006768
95.795343
99.775516
96.974738
94.955626
97.697029
96.618874
95.885764
97.890029
98.298788
95.680931
97.594312
98.420222
97.500289
97.172206
98.678268
97.372373
99.10405
99.37976
101.117895
102.137258
104.073817
106.200451
115.684435
96.403326
95.083675
94.34188
94.956645
99.331966
96.857629
95.466626
96.250206
98.841801
96.051978
96.107135
102.77413
94.466723
94.392603
95.55149
99.637922
99.437706
97.491169
101.148211
94.592476
94.220301
97.234832
96.754674
95.359329
94.462806
95.71813
96.00192
95.967692
96.99355
95.297651
99.209875
97.678989
96.219777
96.812944
99.930865
95.383493
97.274124
99.293141
98.284366
98.604247
97.020828
104.436216
99.890429
101.356881
102.075237
101.880346
106.203358
105.803456
109.239559
94.622991
95.332469
95.02345
95.326512
94.280359
97.823974
94.281302
94.427312
94.874789
94.625641
94.148177
96.421156
96.097253
94.365908
96.635823
97.454248
95.858496
96.722129
95.151419
94.805051
96.247203
98.683879
97.580342
95.832025
98.261559
96.165526
96.623925
97.153467
97.240291
97.08785
97.375864
97.158003
98.322302
96.611658
99.840089
96.684501
99.976475
97.775649
98.04337
98.098354
98.749357
98.842224
100.524158
95.841839
96.819746
93.235997
94.541018
96.369768
95.434166
94.642488
94.118467
95.308666
94.105159
94.002081
93.254012
93.723497
93.909638
92.832518
93.867112
93.974877
96.067815
94.241213
93.401871
94.190186
94.575046
95.758072
94.971884
93.806949
93.725965
94.414643
95.27606
94.58304
98.373004
93.603755
94.250943
95.194926
96.171206
93.84448
93.83294
93.331435
95.453475
93.879088
92.658984
94.135216
93.403175
94.101108
94.488669
95.772847
93.849163
93.78476
93.546579
94.726646
93.198143
95.346751
95.15709
97.16928
93.516522
94.149226
93.093835
94.563297
94.352533
94.157035
93.548774
243.433959
94.148782
94.439914
93.457714
93.159415
94.591541
94.818074
94.612013
94.060553
93.74268
94.530582
94.279436
92.068391
93.54544
95.217281
96.580223
97.061423
94.233007
96.801794
98.577745
98.084567
94.429646
100.215529
93.632666
93.958211
93.384113
95.038087
93.951942
94.128062
93.688428
101.628609
93.725829
95.107776
94.027975
95.011184
94.598375
92.599346
97.028983
93.725668
95.964042
94.367649
94.203545
94.533825
96.075741
95.194534
94.460851
94.156221
94.337672
94.246153
94.910956
94.614975
94.380328
93.951688
97.138103
94.736873
94.982127
98.278277
95.998286
93.349777
94.725357
94.456577
95.108589
96.233389
95.244551
94.584017
95.878669
94.837188
95.799201
93.852633
93.967198
94.456573
93.307387
95.319999
94.540567
94.648974
95.191418
94.655588
93.818788
94.372675
94.710141
94.779872
93.932127
93.52003
93.872097
93.787266
94.8295
95.063754
93.829395
96.967795
94.027106
95.062981
94.118488
93.763061
94.35792
93.827364
97.077079
94.028053
93.604072
93.928439
99.078692
93.655351
93.838475
93.390331
95.822252
92.922394
94.432876
97.542117
99.743197
94.595153
93.124191
95.166249
94.383631
94.105791
94.189758
94.154498
96.116467
94.888596
93.979211
95.056278
96.41112
94.520002
94.606145
96.092128
93.625674
99.514794
93.233452
93.72782
94.026829
94.086325
94.030696
94.937916
93.626641
94.958828
94.045635
96.167906
96.463195
95.246317
96.290903
94.868972
93.651973
95.488534
95.4244
95.736387
93.797076
97.081045
95.167265
94.715788
93.541375
93.350474
93.836199
94.464836
94.74478
93.811802
94.406621
94.572367
93.719034
94.359145
93.30799
95.284073
94.152925
94.731649
94.380214
94.358021
94.052409
94.552312
94.335924
94.536811
94.258727
93.427354
93.108259
94.042528
94.314316
93.395662
96.380204
94.037222
95.976501
93.948201
94.507139
94.993997
94.080294
94.911491
94.242294
93.475236
95.170241
94.286922
94.89405
95.599935
94.915004
94.362009
95.950923
94.131488
94.095476
94.301248
94.945911
95.364532
95.53949
94.181957
93.959183
93.901795
97.032966
94.702892
94.011595
93.721237
93.840733
93.65116
94.635336
95.608414
96.44633
94.867879
94.066363
93.803181
94.196887
94.882487
97.690161
94.18004
95.719211
94.396532
94.410203
94.678626
95.149949
95.414497
93.633552
94.570333
95.215432
94.082774
94.85905
94.211358
94.75412
96.382294
94.370324
95.098672
94.760052
93.76905
94.04574
95.57787
94.389838
93.592055
93.809491
95.107956
95.148507
95.166152
94.536528
100.146075
94.623227
94.986575
96.152336
93.342668
94.334159
94.431484
94.46982
95.205707
95.114234
94.84535
95.406451
94.960312
97.086845
94.494628
95.774709
98.632507
95.010581
95.423505
94.022638
94.672639
94.65783
95.649893
94.951504
94.560152
96.126004
95.445816
94.890316
94.851544
94.309719
95.166246
94.145379
94.286794
101.969083
93.767943
94.87942
94.245432
94.545821
94.116787
94.995915
94.049594
95.852326
94.634828
94.170977
93.465564
94.992151
95.963333
94.048444
95.083534
95.007087
95.768441
95.077123
94.688191
94.379829
94.733514
94.143404
94.595142
93.774564
94.625736
94.193734
96.5599
96.586051
95.046898
95.643188
94.751549
100.318494
95.044384
94.946998
95.313955
94.956878
94.691378
95.44304
96.801686
95.174423
94.797465
93.749821
95.678001
95.209268
94.583717
95.365949
94.704054
94.971202
95.917758
95.674237
95.158098
94.777479
95.253231
94.692335
96.19396
96.390349
94.365247
95.806201
94.600599
95.241806
99.31616
95.299398
97.088154
95.851473
95.627648
97.305611
95.288946
95.303884
94.891374
95.504191
95.625012
94.825471
95.786159
95.761444
95.410805
95.903916
95.712707
95.475438
94.292056
95.839287
94.822167
96.030631
95.814344
96.28267
95.179721
96.432625
96.146154
94.70661
96.077942
96.319789
96.956674
96.103938
99.604721
96.38307
97.861652
96.484142
100.103956
99.256517
102.477093
104.505769
109.661389
114.66814
137.378039
202.855634
250.274125
270.765103
285.297194
280.594914
293.387827
312.46918
284.334603
94.927718
96.977208
94.811308
96.761802
99.821595
96.806657
93.674675
97.170867
97.862628
97.247577
98.685916
96.962584
97.813539
100.94632
100.4617
103.064238
107.230597
112.033619
146.782311
220.185901
260.228583
294.79463
353.44149
412.855187
443.231908
663.546067
664.244033
718.398663
744.856006
784.606965
778.608772
224.861997
95.823478
95.985813
97.775733
95.971648
95.483667
95.474251
97.194845
94.405611
96.288947
97.331041
96.847192
96.993698
97.627747
98.444186
98.802364
99.23444
99.877409
105.383914
110.25267
114.066524
136.259078
225.398056
293.339932
283.667733
302.94669
321.36881
476.015923
660.183372
788.906428
100.313484
95.864096
96.352826
99.959483
96.34695
96.324273
95.603993
95.788898
94.606254
97.735035
98.501015
96.989852
99.884386
98.189999
95.818238
96.561626
94.347903
95.66418
94.987625
94.707985
96.559824
94.784615
100.768363
98.931102
95.37538
96.601084
97.67298
98.702499
98.125895
97.051445
100.490641
101.305851
107.198283
117.673128
150.486334
217.041731
225.229764
249.34797
314.094159
307.563555
300.126908
347.084826
321.487991
405.932369
94.452813
96.119935
95.399556
98.382332
96.00151
95.138487
94.818811
97.700741
95.629406
94.149843
96.680416
95.535587
95.471358
94.504528
97.424488
94.671825
94.988366
94.698939
95.816321
95.762063
96.968285
95.106201
96.413587
97.087662
95.753859
95.754705
95.654987
95.172473
96.05236
94.844662
96.803326
96.983456
97.072376
96.484728
95.376703
98.618621
96.54134
97.945956
97.269487
98.117007
98.953937
98.75415
99.247545
100.991813
100.978336
102.663588
106.329739
112.88581
127.317002
132.592329
96.290968
95.129215
95.513418
95.299341
96.710914
96.359301
96.120305
95.603504
95.044277
94.402878
94.525549
94.125852
94.075864
94.002019
96.054496
96.147994
93.77566
97.264982
102.460882
94.408611
98.302657
95.290668
94.55475
94.652085
96.136937
95.630132
94.701394
95.32177
95.394443
95.500503
95.940807
96.563306
97.833531
99.192141
98.879827
97.140906
99.8072
99.406246
102.408447
103.559807
107.785551
115.326922
125.061558
146.334457
198.168829
273.419453
323.067457
96.42198
94.7635
94.366892
93.756264
95.508828
95.388376
93.858869
94.364807
94.429049
93.444016
94.251419
94.301795
95.681059
94.016518
94.512007
96.673948
95.616252
94.752027
95.131185
95.138233
94.652328
98.549595
94.34559
95.950534
94.370254
94.94243
95.478394
96.197526
95.526657
95.686588
96.151127
95.311317
98.650394
94.689538
97.231112
98.141039
96.585031
100.234937
98.024858
98.36768
97.8187
101.003335
98.468403
98.393333
100.179034
106.0715
104.474989
111.015595
131.02353
95.277741
95.964919
95.437968
96.230129
95.903465
95.781505
95.89547
95.014152
97.445097
94.440567
94.899872
98.689689
95.427495
95.352917
98.454498
95.202788
94.346694
94.901231
94.844755
101.66045
96.569019
94.864805
97.016069
95.070762
95.042579
95.977534
97.530643
96.525726
96.020585
95.399838
95.136649
96.405343
96.953792
95.374052
97.197849
96.476941
96.197465
97.616197
97.367523
97.98424
98.866239
98.499849
101.020056
100.06878
100.277614
104.773171
103.296478
108.76701
116.324907
95.689701
96.764928
93.892159
95.897205
95.59066
96.942702
95.253248
94.482942
99.903411
95.343277
94.796252
96.906673
96.522187
95.023191
94.712115
95.411262
97.630293
94.616204
95.430053
95.493895
98.954534
95.767385
96.443909
96.62868
96.686533
96.719033
96.648998
101.780664
99.970718
97.838037
98.124039
100.530334
97.941817
100.171005
101.176435
103.11972
101.716103
103.458795
106.550203
110.913118
114.270744
132.10691
150.58917
180.890107
229.507614
289.789336
385.509529
93.290264
95.075657
94.459137
100.6783
94.990487
95.330835
95.812534
95.290037
95.447179
94.889561
95.977497
95.556202
94.473162
95.120887
95.886797
94.223565
93.89085
94.721538
94.237826
93.976768
95.574821
94.030936
94.561879
95.002917
94.890507
94.91317
94.472695
94.78559
95.153206
94.039184
93.698667
93.421907
94.526557
95.381613
94.536737
94.751074
93.901864
97.504515
94.335103
95.590915
96.616582
94.608123
93.748031
95.680592
95.594462
94.585679
93.613509
93.760195
94.548924
94.322418
94.758402
95.197168
96.693233
95.349751
94.611123
97.258533
95.812169
94.170199
94.934347
93.920483
93.932005
94.028795
93.183633
95.639698
93.283571
93.290491
94.962212
97.141395
93.687204
94.997676
93.060141
93.126132
93.339801
95.266407
93.280228
249.351551
98.916121
98.325077
94.333937
92.252532
92.637401
94.534098
96.146255
92.738035
92.766516
97.87024
93.082867
93.330535
93.348672
95.112177
93.870021
94.046169
94.754331
94.747928
94.731315
93.917827
93.671313
94.038884
96.308957
93.984378
96.881427
95.031354
92.700245
95.997149
93.727138
92.904123
94.374336
94.051454
94.170002
93.154469
93.917793
94.003413
94.897029
93.841836
93.476149
93.848527
93.473761
96.391967
95.43937
95.324427
96.749414
94.481965
93.770247
95.567548
97.379481
94.2993
93.982522
95.238178
95.243123
95.001936
95.197013
100.078307
94.492223
92.91306
93.222924
94.265517
93.902138
94.037905
93.942006
97.619603
95.348396
95.471039
98.260634
93.907119
93.753026
95.424488
94.439325
94.12358
93.642754
94.018871
93.963984
94.298012
93.783559
94.93766
93.471167
93.568376
93.226179
93.773315
94.885366
93.804092
93.963228
93.786861
95.711073
94.130792
95.327287
94.019284
94.317352
93.864038
94.338225
95.387766
95.508646
96.932006
93.957788
94.798473
96.964541
97.430744
95.942474
99.484229
94.657139
94.125106
94.608092
94.408805
241.781901
93.629048
94.944135
94.970706
95.513533
94.581204
94.30056
94.817733
97.574332
95.571063
96.522818
94.07445
94.856015
94.594391
94.019009
93.705897
94.795784
94.518695
96.832541
94.754787
94.545088
94.223759
97.853532
93.848431
93.902763
98.245335
93.50449
95.266529
94.951694
96.453861
94.439166
95.28379
94.305442
95.822829
94.128811
95.227835
93.461613
94.50081
93.262205
108.999054
95.810225
96.51219
95.701594
94.259009
93.311157
94.398773
94.770768
95.27504
96.487356
103.406517
94.211194
95.955014
95.80434
96.105284
96.868936
95.244849
94.357278
94.280408
92.986149
93.378258
94.995695
92.976358
94.595218
97.115686
96.152124
95.197106
93.624197
94.809519
95.239903
95.041202
93.708226
97.390898
95.385642
93.487522
94.168391
94.094399
96.08539
95.28765
94.951775
95.534847
93.862293
94.980676
94.263814
97.550685
96.05979
95.609764
94.728137
93.513946
93.096201
110.769251
95.294416
94.094228
93.900833
93.394016
95.154885
95.741479
95.729367
95.159107
94.971061
95.920871
95.702169
94.852038
96.298115
94.721517
95.772887
95.186903
97.083434
94.411579
95.860686
95.296612
95.402102
94.830741
95.893863
95.300157
94.207711
94.608589
96.673687
95.170592
95.393028
95.650129
93.829645
94.351195
94.792714
93.195613
96.584407
94.459649
95.122347
94.425781
94.148816
94.556966
96.264916
93.804077
94.047986
96.33634
95.017024
94.103638
93.921213
93.43691
94.573781
95.150688
95.322264
95.634458
94.064304
95.813651
97.196175
95.63793
94.140671
94.135185
95.659292
94.739097
94.005414
95.909968
94.712812
96.069154
93.724338
95.658234
95.316614
95.881488
93.745542
95.125306
96.007973
94.261356
94.340858
94.78613
94.445004
95.172228
96.069506
95.459747
96.253376
94.900646
95.58316
95.572432
94.131794
94.744622
94.415706
95.292491
93.944264
94.120467
95.597658
94.152093
94.06787
94.023952
98.884505
95.460681
94.630293
96.39029
95.684153
96.133656
94.585404
94.592005
94.910577
98.20674
95.008133
95.8913
96.841704
94.723314
94.841755
96.219414
97.176746
94.843528
94.533645
97.226963
93.937647
95.147517
95.949182
95.77908
94.620706
95.656871
94.342142
94.440254
94.455918
94.359129
95.989631
95.700084
95.747832
95.858052
96.490844
101.211779
95.031758
94.095931
95.016283
94.047606
96.0121
93.19061
95.82021
93.912116
95.21378
95.718218
96.280276
94.825711
93.736768
94.297681
94.093037
94.771338
95.719884
95.351219
96.380545
95.508628
93.425773
95.010781
96.498033
98.259639
95.83423
99.376378
95.285065
93.620232
99.031024
96.556235
95.259339
96.081352
96.03871
95.716171
96.055075
96.546479
96.626346
97.470068
95.146394
96.646756
96.559516
96.448231
97.68697
97.855691
100.075589
99.39085
98.159823
99.803827
99.882139
100.62069
101.659054
103.739835
102.742596
106.842058
107.886434
96.27642
95.373444
97.352581
94.223106
95.807662
94.866582
94.716131
94.887979
97.204867
98.385061
94.41172
98.992225
98.009853
99.826992
99.293916
101.005497
104.137632
108.68833
113.490373
123.801852
174.913132
302.096877
460.766645
484.064354
478.821412
489.891955
483.31026
499.309309
483.351932
758.367177
95.29034
96.437886
96.511818
100.735773
96.576823
96.69656
99.324777
96.186953
101.700255
101.452288
102.592508
104.631465
106.949958
126.627099
197.528881
347.005439
401.542927
435.679602
444.07895
462.49678
478.682944
498.536457
526.153272
805.98938
960.509625
97.553504
96.420808
95.43868
96.218329
97.520741
98.165627
96.397562
100.355901
96.23746
100.335215
94.534946
94.985363
94.16317
95.113423
96.992215
94.289107
95.169814
95.451814
95.313972
97.644391
95.17337
94.079517
96.651527
94.891264
96.756144
97.69807
96.655156
97.298853
98.347172
96.875935
97.781649
95.929834
99.973257
101.481885
103.772158
106.157764
108.735638
118.587893
151.088161
234.198535
350.08301
401.808066
445.558685
451.285364
153.568726
95.321662
95.370977
96.114722
97.157794
94.493785
94.050363
94.770191
95.419859
95.515488
95.248077
96.516739
94.836769
95.307603
95.930556
97.06934
95.458544
96.708378
97.950477
96.16728
95.005164
96.428676
94.841641
96.940871
95.957284
96.11104
96.003837
96.243526
96.68112
96.263909
96.589834
95.3243
97.71992
96.983017
97.573419
97.174529
97.907752
98.56313
97.995331
99.766954
98.162795
99.835195
101.910582
100.494351
103.113752
105.826396
110.674037
122.271248
143.648756
161.256053
95.466325
95.567318
95.377062
96.466731
94.972269
95.341382
96.846594
96.327572
94.797117
95.188434
95.080737
94.91053
96.432876
95.981348
95.550226
96.595357
96.28481
94.28787
94.255702
95.300093
96.696107
98.004255
94.638469
94.053676
95.551759
98.696452
96.988118
95.87816
96.047629
96.117352
95.981042
97.080345
97.485342
95.102384
95.789507
96.059078
96.490156
99.15225
100.387676
102.74537
97.203235
100.619471
99.36951
102.034042
103.291892
105.445344
110.371797
115.421591
128.457023
94.157052
94.476173
94.379101
95.400327
95.242654
94.854381
95.884403
95.424109
93.969864
94.470172
96.044878
100.358474
96.014286
96.16585
96.28447
96.165167
95.751534
96.723749
96.921125
98.126626
95.51826
97.533177
93.785704
95.001956
94.328268
96.527173
95.07801
95.063524
97.118691
96.298766
95.534022
94.566154
96.631033
96.436384
96.276912
98.038548
96.969841
97.653028
96.957709
98.619667
99.737677
99.945253
103.597291
100.942276
104.440274
107.656025
111.886164
124.47479
155.258751
95.562066
95.390264
96.211331
95.543225
97.26101
95.255942
95.828016
94.395686
93.935838
94.416134
98.433835
94.30382
95.632751
95.434771
95.971461
93.981969
95.572766
94.227436
95.770232
94.904961
96.773479
95.333437
96.79719
97.086331
96.439218
96.346918
97.025756
98.401488
97.052046
96.273744
96.657956
96.6024
97.709217
96.269371
97.610202
96.465097
96.576661
97.788777
98.635207
100.080371
100.311148
102.458792
105.722382
102.718061
106.493238
109.534216
116.746135
129.486048
165.059261
236.835056
95.686855
95.905506
96.238278
96.569663
96.760619
94.223418
111.759476
94.492049
94.793262
94.11078
96.269359
95.079951
96.119123
97.245723
95.465635
97.03946
95.037736
96.389723
96.404581
94.955316
95.5415
95.282491
97.340198
96.579341
99.337813
98.49454
96.630645
98.152304
98.259741
99.495105
102.071689
99.822675
97.934619
102.101268
98.358201
99.810445
100.10379
101.682241
101.68334
100.860635
102.606294
106.125733
109.003783
113.774185
119.931579
131.771317
165.243798
207.688403
93.514334
94.42298
93.360355
93.425727
94.873511
94.850022
94.887303
94.194109
93.640809
94.97019
94.402532
97.940701
94.314995
93.741071
94.592017
94.799834
93.339158
95.733815
94.133487
93.82275
98.142917
94.095735
93.943209
94.706373
93.94928
93.712026
94.516828
98.315835
94.430411
95.311117
95.020554
94.190373
97.889947
94.773755
93.215136
92.510955
95.521112
92.005487
93.691838
94.641173
94.203585
94.800096
93.090205
94.370251
93.450035
94.498981
93.008374
95.217984
94.10347
94.070067
93.849354
94.476661
95.80371
94.367781
94.19808
97.244563
93.052603
93.740027
104.121884
100.842791
93.442159
93.718606
96.537456
94.15389
93.62414
97.799705
96.349272
93.405135
93.497894
93.641976
93.768712
92.764235
96.434021
98.587311
93.377755
94.43691
93.814815
94.338825
94.634473
93.968424
94.281032
94.302991
96.045208
93.916042
96.258477
93.729436
95.017897
94.438908
97.587482
94.754951
94.875581
95.270405
93.537082
93.572429
93.945544
93.441235
94.299455
94.764642
93.917846
93.778043
96.607195
94.75887
93.463582
94.147674
96.073239
94.247889
93.425601
93.195529
93.772489
93.290378
94.814432
94.170567
94.819625
94.279973
95.509138
93.805078
93.883179
94.222569
93.249124
94.689845
93.480889
93.661379
93.375375
94.05579
96.185476
95.473487
94.130285
94.974522
93.683098
93.847642
93.253657
94.438616
93.765903
95.874705
97.044508
98.486143
93.678142
93.95085
97.646239
93.175458
96.414551
94.64633
94.617483
93.630261
93.690776
95.374067
94.119224
94.51671
93.857397
92.869369
95.896184
92.68745
93.656961
94.074303
93.590855
94.893686
93.622642
95.697167
93.58315
93.47803
94.157182
93.627319
94.368895
93.369021
94.042434
94.83944
93.90961
96.495272
93.591168
93.923781
94.001485
93.788419
94.300263
95.133061
95.277867
93.800252
94.530967
93.963693
94.521207
95.107344
94.254415
94.040447
94.71411
94.92456
92.869807
95.223711
93.781972
93.930784
94.753349
95.261137
93.779669
93.653995
94.403243
93.82516
94.369079
93.820709
95.197849
93.853499
93.972936
93.531632
94.956779
94.731939
93.117534
93.883745
94.281791
93.622952
95.431576
93.764211
95.214249
93.003999
94.273268
93.651382
93.687464
95.615134
95.467445
97.248738
94.116071
94.009564
97.873139
93.639959
95.08239
93.654427
93.550122
93.603539
97.830349
94.473731
93.659363
93.870718
93.435113
93.604736
96.879937
94.705656
93.895475
94.625349
93.842809
93.476259
92.840898
92.149476
96.294394
95.44515
94.642389
94.794148
93.282367
93.634911
93.795955
95.636558
94.091176
94.399157
97.840329
94.209052
93.809858
93.164589
94.862667
97.004275
93.922766
97.691712
98.736531
94.152135
93.878206
92.950386
94.582632
94.7526
93.855998
93.886586
94.960201
93.695749
95.84603
94.805993
95.687421
94.435027
94.584935
93.488451
95.175295
93.708389
93.89709
93.465484
95.37535
94.09237
94.680194
93.638324
92.61352
94.340871
94.178999
93.998095
94.359267
94.405292
93.611756
94.331606
93.844989
94.509077
93.981108
93.85851
95.222458
93.894518
94.481177
99.598254
95.368834
94.484489
94.689633
93.636704
94.814344
98.464793
94.041225
93.449893
93.363436
94.765285
94.66985
93.990856
94.146943
96.180969
95.410546
95.268849
93.700828
94.29097
95.216557
94.243158
93.819467
95.261699
95.371521
99.853495
94.991479
94.607674
93.96158
94.364792
93.82088
94.564149
98.258565
95.754833
94.838228
94.495765
94.391409
94.252953
94.809683
94.300479
93.705388
95.039557
94.247359
94.486933
92.480567
98.32467
94.222535
94.707389
94.324205
94.732425
94.043431
94.491821
94.09094
97.706115
95.848314
95.10396
94.818223
94.629469
96.997064
94.619231
94.811577
94.370829
95.208323
94.267514
95.03411
95.211257
94.641679
94.312813
95.395147
95.023397
94.620389
95.072436
94.771699
94.843474
94.365976
94.392934
95.121312
94.937795
96.181687
96.897335
95.438832
95.207436
94.183159
94.555273
94.995312
94.980688
95.714391
94.840728
95.863232
94.44337
95.673397
100.483261
94.74569
95.002808
97.902562
94.840529
95.472532
95.133306
95.238259
96.107309
95.231337
96.423683
95.434467
95.881676
94.248393
95.974181
98.225723
94.229396
96.274505
95.349037
94.76451
95.562256
94.813377
95.768145
94.375373
95.261721
94.90509
95.454267
95.241372
95.525226
95.474697
96.156661
96.064069
96.01588
96.146116
94.786522
96.164104
95.798536
96.07976
95.395379
96.240904
97.380914
95.473851
96.607505
97.288318
99.84648
98.380659
98.053296
102.081461
102.384192
101.6536
109.167
112.057647
131.377386
217.042295
331.90077
390.72957
413.899345
376.000567
441.623019
386.272394
98.861793
96.068987
94.714971
96.650008
94.434524
96.108915
98.085043
95.655052
95.592926
94.848584
103.514066
95.394203
98.946034
96.463744
96.022308
95.744627
95.84728
96.858049
98.127847
100.41223
98.171199
98.528618
104.279634
101.899984
103.880277
108.97041
118.225631
174.151687
219.178565
271.463588
306.278389
365.61368
463.758788
588.147078
824.06328
950.771323
795.560594
99.3819
101.525457
99.796308
106.246684
123.600933
190.191259
242.945583
276.154744
293.849715
303.849973
288.165364
295.823964
297.373351
301.393398
303.129885
298.483031
388.052182
484.337441
528.037494
565.616997
600.351427
591.630054
727.938424
802.686052
265.891773
94.621711
95.270978
95.052246
101.772864
93.950831
94.271358
94.804129
95.008293
93.967516
94.733748
96.204387
94.357133
94.288852
95.584335
95.277503
94.470521
96.135504
95.021958
95.304619
94.46424
95.478813
94.531169
97.08207
97.22892
94.920233
96.68444
98.038167
95.167156
98.887031
98.958236
102.001731
105.352346
126.284135
196.085321
212.581324
279.144176
289.007355
308.783796
301.851721
313.660338
298.122878
350.273092
370.085007
95.547551
94.636192
101.855711
96.69316
94.552168
95.180722
99.049273
94.700383
95.389352
95.316024
94.960183
95.747271
97.981015
95.968369
94.966393
99.125577
95.829004
95.885837
95.161306
96.26848
94.671432
93.979931
96.165687
94.463999
96.107598
95.594
95.165398
96.724438
97.886422
96.114297
96.990401
95.782452
97.626444
97.355129
102.695372
96.285314
97.199403
97.861316
98.919101
98.565623
98.307184
97.247077
102.799433
101.290328
105.525502
110.656423
123.549075
157.371773
189.488118
95.388917
95.702741
94.382211
95.59288
97.22956
95.91536
96.298101
95.278466
94.760401
96.26379
95.560019
96.024184
95.722372
95.597832
94.337072
96.361759
94.870422
94.659766
98.020393
99.740477
95.982697
94.289764
97.28685
95.372569
94.994962
94.173509
95.263881
95.264996
95.229759
94.024108
95.167426
94.77641
94.915283
97.918735
100.625284
97.92353
96.313315
98.17662
97.249124
98.205561
98.517157
98.576536
98.190781
98.754357
101.047214
102.13282
104.927247
108.336758
122.063237
157.601793
94.502747
94.740866
96.715048
95.123608
95.349936
98.826244
97.819318
94.745986
93.622377
94.583574
97.275602
94.917323
95.763149
94.790334
96.249957
96.177779
96.006144
95.634901
95.695307
94.773284
94.634752
96.165492
96.009496
99.559545
96.011552
95.996925
95.119772
96.042675
95.984015
96.323119
97.618913
95.878016
97.350657
97.055187
96.302125
96.620084
97.722696
98.3616
96.222251
98.202448
101.199875
129.476751
96.702659
101.759413
102.371272
99.791042
101.223582
104.569148
114.067425
147.118627
93.718795
93.78483
94.44215
95.263564
95.72185
95.602922
97.087834
95.585141
94.24332
99.910199
94.53928
94.093122
98.774302
97.466123
96.249741
94.191117
99.33372
94.668968
96.621459
94.784866
95.660753
96.38658
94.918726
94.491677
98.831637
94.381227
96.717105
95.82977
97.332178
95.845732
96.152043
95.329678
95.484324
96.58768
97.369829
102.528569
97.152104
98.361417
99.064816
98.316035
97.805297
98.491027
97.405389
99.090674
100.362596
104.514005
102.432925
105.227053
109.863326
118.919401
95.847479
96.708094
95.392836
96.254211
94.462379
97.145717
95.019887
94.983865
94.941785
95.924948
96.31937
94.880007
96.51088
95.036311
96.659671
96.193803
95.918801
94.888528
94.86348
96.302927
95.461227
100.976116
96.307748
96.753322
95.976543
98.216128
96.26497
96.389125
97.286611
97.455372
100.014545
99.396966
99.918193
99.493931
100.531366
101.141697
104.466437
105.793302
110.831514
122.378698
145.689198
181.778625
212.554588
234.70021
305.139898
323.354936
95.539103
94.736715
94.09845
94.180849
94.044798
95.003634
94.651296
95.834727
94.797522
93.781068
96.146585
96.514909
94.743478
95.330306
95.930896
94.896453
96.186076
97.400397
95.267722
95.010344
94.479278
94.451561
96.091739
93.621534
93.782371
93.837205
94.107705
94.209185
96.240888
97.838712
95.211265
93.869995
95.27836
95.345411
94.784377
95.290196
96.449988
94.642995
95.421022
95.714374
96.106754
95.071451
94.530757
94.308391
94.309512
94.527023
95.233998
97.380844
96.000549
95.51422
94.262217
94.934074
98.248905
94.995872
95.291593
94.353315
96.047496
95.771024
96.316494
93.959519
94.323245
95.189214
94.807053
95.417867
94.045514
95.092581
93.609593
94.427311
95.149505
95.680211
94.135103
95.325512
94.335178
96.053622
95.900709
97.107545
94.572619
94.954643
95.348316
94.113922
98.015774
94.903593
96.636776
94.068483
94.412804
94.947728
94.649225
96.547218
95.321514
94.035773
96.157868
95.550329
94.213708
95.778581
95.247437
96.789327
93.335921
96.122615
95.733301
95.603427
97.596815
94.767699
95.51219
99.809285
95.373981
95.849251
94.707592
95.962444
95.126996
94.689406
95.608095
95.099123
95.451336
96.241918
94.367
94.71698
97.24597
95.053553
95.638812
95.883492
93.834981
94.454745
94.237409
99.699557
96.241117
94.99572
99.599265
93.272286
96.411226
94.547161
95.565361
94.32329
95.92416
95.999208
95.679007
95.283274
94.961831
95.501605
94.844057
96.258701
92.778595
95.028783
94.627969
95.120795
94.548974
94.970916
95.969167
96.056943
95.055796
94.401586
96.031723
96.032358
93.761736
95.704639
97.259378
93.658562
94.853418
96.181175
94.318046
94.58267
95.467277
95.648379
93.626586
95.713754
94.900499
95.280495
95.539378
93.408187
117.18549
94.898435
94.431537
94.640214
95.489554
95.100855
94.40575
95.633057
94.51899
96.013418
95.456902
94.741809
94.48943
93.927621
94.592501
93.712644
94.211711
95.903787
95.239919
94.552283
94.955208
95.245431
94.375263
95.515297
95.856454
94.418354
95.219864
95.323043
93.950846
94.418499
95.23577
95.543113
94.829148
95.899981
94.828815
95.081613
95.959868
94.918907
96.504436
95.975898
94.285921
95.124741
93.890186
93.355137
94.251697
100.635886
95.103612
97.427186
98.23589
95.73506
96.125314
95.903128
97.417914
96.804216
96.653877
95.082749
95.158212
94.04684
97.63394
94.807038
94.826638
95.547362
95.254272
94.824544
97.117409
96.129089
96.765989
96.217793
95.786294
95.790777
95.289694
94.689794
96.932883
93.902126
96.509425
97.540197
96.063115
95.254639
97.59599
96.700718
96.049679
95.806852
95.128298
96.232334
95.071513
94.71437
94.803315
95.791412
95.358629
94.862816
96.632583
96.500166
96.00445
95.994837
95.459048
95.318329
96.246108
96.523472
95.525906
94.440754
95.191249
94.72312
94.964323
95.16343
97.111207
97.023044
94.083971
94.47661
94.036225
94.194607
95.610193
95.897324
96.945553
95.352055
95.625598
96.555224
96.086719
94.529307
94.291248
96.181201
96.150991
97.195802
96.202957
100.66747
93.70869
95.60549
94.980579
96.255449
98.078007
96.732232
96.86127
95.447491
94.952469
94.384647
94.589302
95.364063
97.808074
94.755168
93.901683
95.290678
94.907602
95.107731
96.3185
97.460167
95.686557
95.533401
96.122869
96.147831
96.743923
95.653837
99.851542
95.291076
94.416465
94.7066
98.652474
95.773216
96.665934
95.589066
98.020563
95.478732
100.22322
97.57473
96.352348
95.976596
95.74215
97.021924
95.692751
95.936474
96.600689
96.978468
98.429817
96.091375
94.910438
96.354526
95.350903
95.848389
95.296539
96.263453
95.354359
95.239894
97.821575
95.816
96.293428
95.465148
98.652726
94.456837
94.917728
96.377688
94.353966
95.814144
93.778959
96.71321
97.555153
95.672744
96.744087
96.87113
96.863117
96.865898
94.31177
95.488822
97.180806
93.687371
94.083705
95.953902
95.75386
96.731899
95.22972
93.959635
94.181463
95.332851
95.876009
95.633522
95.558359
96.746403
95.802613
95.405337
97.452615
95.390748
95.277366
96.443751
95.630529
96.486676
96.403958
97.104377
97.360444
96.766599
97.806766
96.656496
95.884946
96.16824
97.073799
97.866025
97.756612
96.141866
95.901179
95.366601
97.346778
96.810725
95.243598
97.261684
94.485575
96.773095
97.123767
96.02629
95.560593
95.576622
95.554369
96.589884
95.717187
97.739504
96.054557
95.062809
96.593887
97.423579
97.318659
96.719741
98.373845
100.642225
98.385561
98.475243
103.419235
99.285643
98.263442
97.308245
101.721718
101.092005
102.068247
101.570294
105.282011
109.778632
122.669562
164.536333
321.306441
419.001072
436.260018
448.550245
435.031005
337.052207
102.934896
96.523198
94.630496
98.271521
95.880291
95.983725
96.282382
96.610748
94.892498
94.311129
96.775217
98.681395
97.521555
94.960875
95.104887
96.901202
97.86317
97.829207
99.882409
97.632406
98.609502
98.990828
103.075647
100.595256
99.015537
105.790423
101.518715
101.502197
103.920978
108.221418
113.368821
123.088345
167.499241
204.67268
297.363978
454.912979
674.411845
978.144451
94.301552
100.44487
100.543428
103.577508
111.262523
130.702115
177.920181
256.270766
290.525454
302.45507
306.302909
300.016068
293.410889
336.683319
359.851556
371.558726
399.362649
422.311057
411.035884
477.099761
581.724727
612.056689
681.159067
758.15211
958.088131
788.813957
94.441767
96.323967
97.081475
97.052634
98.428377
94.893368
95.838091
95.609487
96.728029
95.321139
96.189233
95.558974
96.510083
95.449395
95.455917
96.880334
97.402175
95.841338
94.971598
95.758936
94.184872
96.103854
97.222206
95.59472
95.237182
96.252419
96.104688
97.024833
96.558365
95.52019
95.908604
98.415037
96.990439
97.651692
98.344208
98.071776
99.302858
100.349472
101.086354
100.4062
103.361214
107.323427
112.175507
121.742082
182.024138
618.520852
215.263781
95.835054
94.685796
95.248012
96.352372
97.177713
95.439196
96.6882
96.545152
95.270997
94.697666
98.538955
97.187773
97.060025
97.97111
98.1581
97.120065
97.214857
97.274569
99.488872
96.683627
96.332504
97.746693
95.788872
97.579508
96.254679
96.058026
96.456178
96.855848
100.725928
97.153329
99.49155
95.654599
98.152728
97.458874
97.205713
99.377206
101.841737
99.738982
99.256991
99.25357
100.245464
100.958116
102.704007
102.243611
104.499231
110.285423
114.591357
135.919562
243.108218
97.604124
97.533878
100.671957
94.941304
95.705046
95.887279
95.50325
95.009956
96.079231
96.456084
95.432091
97.043701
95.688872
95.579043
98.552122
96.965265
95.468432
97.075168
96.038432
95.256787
95.041368
95.035577
95.0838
94.569543
96.466586
96.657957
97.890266
98.07498
97.807871
98.071411
98.832713
98.435869
96.008879
97.91932
97.097647
97.647197
101.082788
97.762961
97.795036
97.972835
99.949598
98.438994
101.084187
100.824028
102.150357
102.924705
109.57434
123.75996
142.360636
95.41779
95.493288
95.806729
96.299583
94.708581
95.643753
96.982852
96.686531
95.281461
93.979662
96.270899
95.875023
95.73602
96.200479
96.978351
95.928567
95.521424
97.027545
96.414688
96.725222
97.258601
96.414157
97.269053
95.890423
97.096484
98.279287
97.890231
96.813542
97.028278
96.262944
96.264498
96.216433
97.536981
98.341239
98.725304
99.143668
98.400622
100.989525
97.188025
97.768314
97.686775
98.578971
100.091172
100.169434
102.466892
104.521402
104.610879
110.767574
119.472637
159.583691
96.468323
96.044034
98.999344
96.053923
95.709792
94.754465
95.463239
100.244207
96.451625
95.562668
95.821373
95.715764
97.462425
95.885979
95.645934
94.957151
95.572398
96.838835
95.327083
95.301433
97.778679
97.632801
98.659479
96.802385
99.116656
96.856487
97.555806
96.558053
95.856803
96.972909
97.063063
96.520038
98.108497
96.142863
96.986929
98.022813
97.917684
98.67288
98.716
99.447665
101.606146
105.255454
100.607175
102.223159
102.782313
105.75011
107.7816
112.537228
128.689942
98.591014
96.373308
97.702106
95.281516
96.914979
95.448572
97.501473
98.222387
97.222222
96.777086
97.067986
96.530921
97.251586
98.511998
100.679368
97.925683
98.147149
98.113679
96.397461
99.120368
98.840162
97.775473
96.716991
99.227629
100.566918
98.633777
102.543661
99.637819
100.893739
102.569385
101.707503
102.824748
108.368332
106.631837
110.398172
111.976484
122.50306
143.33169
217.343803
336.280481
412.325804
445.888332
458.704126
473.728258
97.308278
96.532609
97.130774
96.831857
96.372515
93.535568
96.231277
94.865368
93.450473
94.077417
94.528876
94.917943
96.184771
96.984846
95.358215
94.47841
95.726398
93.450302
94.439547
92.892773
93.511256
94.553619
94.594241
92.70649
96.659227
93.841673
95.314083
93.746261
92.450232
93.481312
94.727315
93.933109
95.786055
94.282078
95.735556
96.007566
93.865548
94.113723
94.029486
92.921595
92.810488
93.689204
98.740778
94.065458
95.051692
94.24982
95.7304
94.072504
94.103585
94.673687
93.433938
95.176407
93.318364
93.64375
93.729419
94.544553
95.230361
99.191787
95.020938
94.976417
95.855832
94.283594
95.66736
94.300373
94.637436
94.526724
92.866818
93.470652
93.86885
97.048537
94.369195
95.960993
95.340982
103.927762
95.795139
95.455417
93.862976
101.696776
95.32023
94.159545
93.355236
95.569433
94.564689
95.345102
93.106654
94.868587
93.644352
94.382813
94.950073
95.4684
93.92048
94.127176
95.009602
94.501494
95.369838
96.441188
94.91346
94.119095
94.726683
94.846456
98.649752
94.060731
94.655004
93.802469
93.409193
92.944443
93.065035
94.425661
94.226837
95.527515
98.510989
101.871868
93.635421
93.588905
94.032214
94.487491
97.544742
93.379097
93.966154
95.203827
93.92528
94.569086
93.888055
95.007938
94.167002
94.317934
95.048244
93.310605
94.307683
94.307234
94.216883
94.398309
93.437782
95.154258
95.041765
95.812498
93.652854
94.638796
94.025586
94.942725
95.05472
95.021983
94.056333
95.586685
94.197488
95.350368
94.216947
93.609422
98.334897
95.4768
94.400909
93.944832
95.723879
97.610763
93.306424
94.448641
94.062588
95.254939
95.045516
93.553364
93.942125
94.821033
94.774554
95.174242
94.403397
96.662202
96.313986
95.745075
96.773031
93.915583
94.319546
97.010796
94.886574
95.159862
95.535258
95.423726
93.672498
95.162488
92.889901
93.971549
94.507584
93.336391
94.025997
93.712538
94.157882
94.479303
93.965273
93.918273
94.743017
94.226489
95.071198
95.005503
94.544358
95.603008
97.57672
94.908019
93.203923
95.530831
93.232816
92.819318
93.968798
95.855006
93.341422
95.305372
94.300724
97.645653
96.170027
96.193151
94.855348
98.21821
95.284232
96.310252
94.325735
95.406991
93.825238
93.698992
94.979063
94.708117
93.431285
94.164122
257.037956
95.2612
99.733661
94.305283
96.28836
95.261421
97.694841
95.174152
95.535752
93.986452
93.674366
94.148491
92.187509
95.787475
96.41228
95.732461
94.74645
95.580097
93.405315
93.773313
94.027694
95.439467
93.881625
94.834931
95.162707
95.462647
95.790525
94.15038
93.930471
94.336046
95.62878
95.043734
95.098196
94.559812
95.350851
94.898809
99.859795
94.325605
94.702576
94.775593
95.997725
94.15865
94.487032
93.395581
96.381253
96.880959
93.944205
96.040329
97.566375
95.103519
94.717928
96.711023
95.12247
98.043249
95.746032
93.627313
93.857819
95.39056
94.294472
94.62075
94.470137
94.994835
93.875036
94.061494
93.446806
94.785344
94.002115
95.726041
94.263401
94.844643
95.821404
97.423169
96.26683
94.248493
96.280785
94.786542
94.560277
94.394672
93.791095
94.959422
95.597925
94.907401
96.274186
94.781958
95.208879
94.051847
95.767163
96.74733
94.434602
93.974966
94.666738
96.112326
95.841692
95.703226
95.140157
95.721558
94.953696
94.601896
93.473406
94.922294
94.414603
95.395742
95.89656
95.693114
96.609317
95.113895
96.928496
94.370577
95.843256
95.311601
96.945002
99.076436
94.645524
95.615116
100.011846
96.169527
96.313554
96.718821
94.176888
94.78872
97.57661
95.735951
95.490466
95.305556
96.118966
95.24354
94.333294
95.297283
95.569766
100.256818
96.46069
96.435346
100.909205
95.725481
108.991342
95.806659
95.860341
95.034343
94.238571
95.401371
94.195836
94.865705
94.180405
94.518745
95.680577
96.909865
97.501425
97.005606
94.35142
97.144829
97.694684
96.265845
94.95655
95.55164
94.960958
93.38904
94.974744
93.923562
94.430643
95.547588
95.011717
97.847067
96.91274
97.328561
95.302102
100.50869
96.707004
96.754072
95.834022
95.273373
95.413786
96.081266
94.890274
95.87255
98.363405
96.120224
96.801155
100.665105
96.39731
95.160629
95.132681
96.449852
98.297249
97.915006
95.749585
96.180471
95.932417
95.749161
95.707998
98.724575
98.03696
97.352097
96.231321
96.093253
94.670683
96.078183
96.446379
97.034139
94.940866
97.344682
93.987064
93.956621
95.406321
96.856092
94.831986
96.820046
96.10416
95.770586
95.219444
96.87292
96.641337
98.517062
96.565285
96.339487
98.219575
96.594054
98.025919
95.578052
99.53992
97.244446
96.659645
102.517908
97.51526
96.440851
101.304648
97.553673
99.522079
100.055719
97.273021
100.591601
98.761284
100.112458
100.243815
101.143984
93.514516
95.781932
95.339548
98.343822
97.577019
94.923029
96.568893
97.322284
95.380555
96.54216
97.786675
103.741269
96.830766
98.04695
97.479247
97.725768
98.910175
97.672882
101.213379
98.425842
96.206819
99.647023
96.815926
100.241681
104.261522
102.427591
106.727762
109.358557
111.389663
113.663614
120.988422
142.388139
164.470625
326.513428
103.90407
94.981237
98.185423
96.740802
95.253421
97.563493
95.177775
97.483335
95.021866
95.329578
96.591087
101.305314
98.834519
97.842435
99.084965
98.560249
99.810958
99.237051
99.117236
103.243827
104.990963
111.814022
133.464483
95.68184
93.711901
95.129347
95.438769
93.899412
94.266617
94.090828
94.03778
93.745856
95.529744
95.081841
96.164622
96.1574
95.340182
95.013947
95.509049
95.939692
93.976244
94.394298
96.17717
95.234419
95.996715
106.582306
99.543947
94.939874
96.659695
97.064765
96.112129
95.276699
95.797017
96.794696
97.505169
96.785727
95.672372
97.929446
98.208838
96.898343
97.13061
97.722914
97.64733
98.544616
101.053966
101.419505
102.993432
110.125774
110.961235
127.597056
205.926912
96.856021
94.28727
95.385153
96.233464
98.718447
94.525894
94.728709
96.000797
94.931555
94.555396
95.213519
95.831855
94.727615
94.796005
97.640162
94.695802
94.410239
95.116413
95.30525
93.82203
95.684944
94.851435
95.892635
101.488
95.481013
96.585193
96.261228
95.57422
95.217839
95.812902
96.959849
96.554162
95.712317
96.586172
96.579747
99.27619
98.208557
98.193716
100.699522
98.454488
100.082064
100.811114
101.931354
105.801916
105.475282
108.960564
117.629973
142.271396
212.219392
164.598561
97.572797
95.160414
96.244207
98.310254
95.247527
94.275503
95.73464
93.591909
95.2118
95.026319
94.854466
94.883131
95.830318
96.17706
93.873364
95.062644
94.868876
95.221199
98.626839
94.796115
95.616049
98.480594
96.538593
100.362506
94.411686
98.589992
95.486889
95.374152
96.680496
96.239052
96.35108
95.206882
97.799962
95.549345
96.347215
97.015602
97.018054
97.935774
97.247394
98.789169
99.86511
101.655282
100.24161
102.16781
103.527707
107.445042
114.259917
137.436544
232.195316
94.241328
95.279204
94.852077
94.42376
94.161811
95.046334
94.009899
95.08187
94.15754
94.923642
95.588837
95.898975
94.083208
95.108042
94.317802
95.60013
95.439177
96.243462
95.683248
95.912575
95.400193
94.352379
97.497903
95.062662
96.311821
94.500898
96.566829
96.904367
95.907022
96.640079
97.811418
95.66901
97.232456
96.130382
96.137036
96.090328
96.183702
99.367624
98.082622
99.138538
103.893851
107.403622
99.973966
100.051255
103.658236
111.152518
113.318341
139.645351
142.608591
147.140527
95.31167
94.516313
96.084088
94.222875
93.771388
96.291673
96.430395
93.975735
96.382183
94.951395
94.961515
96.333877
93.686258
94.718883
95.479565
95.899279
95.937562
98.057016
96.780214
95.02544
95.300044
96.569741
94.632276
95.457333
95.543117
97.161143
96.370407
95.794537
96.077719
96.877742
95.88449
96.859246
97.550414
100.076048
97.870292
96.927182
97.370787
98.660289
98.482268
97.760187
99.828962
100.373053
100.809298
101.254407
104.935131
107.864131
109.766243
119.676382
162.559022
94.424062
95.462701
94.974529
95.524227
94.382272
94.260774
94.374011
94.353997
98.452621
95.287343
95.973203
94.653285
94.227002
94.625737
94.945169
95.716807
95.55749
94.872941
95.094942
97.944714
96.152049
96.110934
95.683958
96.590625
95.612409
96.040946
94.954266
97.74372
96.832707
96.380876
97.94808
97.853673
97.877
97.76748
97.469776
99.374779
99.566337
98.042562
98.995705
98.866741
101.625335
95.107166
94.435422
94.407293
96.068943
95.907953
94.293579
94.377998
94.730024
95.847371
93.901363
94.322573
94.189736
95.141538
95.350177
93.859387
94.322233
95.568826
94.00071
94.241091
94.084063
94.457868
94.162613
92.600182
94.643714
93.793171
97.547616
94.52393
94.833862
93.819879
95.315425
94.297783
94.748304
93.895835
94.494096
94.486871
93.851827
93.888974
93.619455
92.744342
94.135799
93.925932
94.483682
93.13649
93.690471
95.66498
94.793559
94.212242
95.758381
98.063943
95.817757
95.517452
96.821369
97.722553
98.144977
94.335945
93.51923
93.550544
95.043849
93.82099
94.29568
95.609206
93.959021
115.693996
95.578205
94.324434
94.377134
97.127208
94.565901
93.695288
93.396788
94.09308
93.660928
93.870549
93.138863
95.205371
93.7531
93.397177
92.708708
96.687146
93.28712
92.502963
94.813386
93.458538
95.643683
94.754358
93.619368
93.987154
94.608122
93.669206
93.508006
93.643703
93.949039
92.824793
93.47804
92.849967
94.592866
93.494073
93.764873
93.635065
93.713106
95.526251
93.69602
93.701739
94.200001
92.916358
94.250033
95.226017
93.697448
92.228532
94.324772
94.139271
95.642383
95.944976
94.034044
94.040967
96.705454
96.963073
93.24075
93.781337
94.22194
94.068612
93.83058
93.952732
93.527877
94.098352
93.76632
93.541924
93.005207
95.051413
93.93838
115.171881
94.134133
93.88607
94.813388
98.099134
93.991792
93.908184
94.354893
94.339225
94.137545
93.694505
94.073469
93.142539
93.5855
95.249804
94.228436
94.153634
93.991384
94.321558
93.512939
96.019958
95.408249
93.440275
95.053676
94.292469
96.825286
94.033934
96.320363
96.854981
94.272458
93.938128
95.110058
93.477446
93.25104
97.42989
94.971109
92.512471
93.061897
96.257154
94.216347
93.888588
93.903546
94.626092
93.715499
94.935712
95.683968
95.647039
95.372424
93.917803
93.204679
95.478904
92.814749
93.677129
94.178832
96.21433
93.884077
111.502797
95.348506
94.395102
94.144233
95.127757
93.0461
95.647416
95.783272
94.936032
94.447808
95.953463
97.373968
95.57319
94.330835
93.594662
95.222738
95.616595
94.632233
93.348927
93.576532
93.840414
93.302046
94.542528
93.438682
94.785459
93.812667
94.041246
94.621669
254.915757
94.455869
95.594711
97.093896
93.944468
95.46951
94.628205
93.770317
96.194871
95.736041
94.578845
94.931294
95.291836
94.927129
94.064087
94.978487
94.154882
95.317905
94.73819
94.236445
94.075753
93.878634
93.461677
93.439337
94.902913
95.5517
93.433275
95.319356
94.616233
94.526057
93.962873
94.141604
93.807817
94.274386
94.321266
95.641593
95.405629
95.465716
94.567006
94.848643
93.173566
95.160861
93.778599
93.24332
93.9813
94.533682
94.818443
94.453004
95.664619
93.112498
94.677196
96.072883
93.427328
93.918797
94.505891
95.540899
95.254757
94.5101
95.221642
93.902242
94.522232
94.056375
95.742086
94.399607
94.201175
94.811088
93.679346
95.342854
98.204347
94.334374
96.729749
95.504632
94.518235
95.84558
94.182962
94.594203
94.426523
94.357343
94.388451
94.856267
96.199604
94.015242
94.68771
94.616615
93.326507
94.341556
92.879816
93.268041
99.442382
93.697408
95.795071
94.6826
95.674541
94.144765
94.699849
94.402677
94.879553
94.331549
93.66484
94.381349
97.125324
95.221869
95.190816
93.289259
93.710575
95.838619
94.299561
94.66047
94.006888
93.832101
94.765528
95.229026
95.03506
94.11065
95.914367
94.923836
94.182524
94.261071
94.922153
95.78596
93.800699
94.448509
94.466732
94.301555
94.992376
95.584561
95.695077
95.224983
93.875485
96.211293
94.770881
96.14871
94.252569
94.859151
93.374707
97.002184
93.286766
93.186041
96.552055
94.312483
93.279238
97.68327
96.139298
95.061446
94.991672
95.395567
94.378982
94.188436
94.969069
96.48135
95.784718
94.598277
94.661532
94.016217
95.28883
95.162325
97.310828
94.816942
93.734962
94.134005
93.593284
94.347866
94.244451
93.542511
94.621103
94.720237
95.280819
95.011102
95.454404
95.284436
95.058977
94.173151
98.083863
93.423627
95.181954
96.92648
94.141895
94.863298
95.64026
97.94946
99.501361
95.16547
96.070866
95.52888
95.830208
94.986028
96.491287
95.59905
95.101627
93.844523
95.100214
95.877579
95.769469
94.238445
96.751
97.155587
95.113505
95.153908
99.435488
94.828624
94.848883
95.037411
96.432107
97.184174
95.59571
95.248785
95.954875
96.474467
94.270242
96.084107
98.469032
97.213336
95.922976
96.328825
97.040092
97.897116
96.269427
97.508397
98.256137
97.417553
99.535154
98.764392
99.188917
98.763155
101.244035
102.22566
100.935605
103.035994
104.653819
107.100567
107.293292
116.286456
131.671492
149.799246
204.562933
298.760878
94.831847
96.538881
93.93124
98.88517
93.581144
94.805536
95.388755
95.390807
99.618462
97.124016
96.585742
99.437255
96.161879
97.892001
98.362491
97.998474
99.778112
108.67633
101.51622
100.776228
106.485758
106.661579
117.528335
144.219494
198.669088
270.815187
357.534057
456.367958
577.278183
754.587392
96.049259
95.645653
95.655099
96.613743
95.496591
95.753598
97.410108
94.389043
98.768012
95.576157
99.656451
100.313536
100.44075
109.96869
117.843157
149.683379
331.596495
458.204038
471.246325
473.254425
461.81558
649.375598
97.096281
95.263494
96.088604
96.516663
95.579856
96.160462
99.816453
95.88724
96.20866
96.355326
94.908658
94.631657
95.463362
95.813659
96.733138
95.222258
94.290614
95.058845
114.859802
96.365364
94.710188
93.863472
94.826457
94.825552
94.415748
97.426274
93.86068
96.315592
97.31041
95.740601
98.396995
95.301988
99.43244
96.871287
99.216049
100.306528
102.698017
104.471473
109.602802
126.886175
169.736892
312.309594
448.926423
444.369994
448.91928
94.309371
98.029419
95.583711
94.172382
96.585902
94.736791
95.966275
94.585811
93.41076
94.852042
95.173668
94.944305
95.499195
95.218324
95.513311
94.473526
94.306996
93.903215
94.506348
94.614578
94.465659
94.885409
93.776492
96.203498
98.338043
95.496169
95.000645
95.830646
97.591392
94.54688
96.435346
94.597636
95.745937
95.86191
95.574534
96.281757
97.762026
97.374105
97.57068
97.072749
98.567938
101.902201
99.284964
129.634745
100.11275
101.947992
107.456094
112.224324
125.581863
94.636949
94.197672
94.689016
93.827501
95.790149
94.373053
94.494808
94.296928
94.320869
93.440288
94.269366
98.385651
97.298306
95.271714
93.681359
94.591761
95.832317
94.692058
97.966661
97.699045
96.552544
93.909199
96.21361
95.242179
96.092132
96.516544
94.756786
99.130906
95.120286
94.772303
94.922226
94.926359
94.941247
101.422415
98.418108
95.373045
98.131461
96.693705
96.868536
97.161992
97.505041
97.550569
98.223848
99.446678
100.171646
102.187373
105.143036
112.178048
135.277179
158.921983
96.657349
95.010864
95.084821
94.041106
94.781419
95.796592
93.453983
98.185378
94.51288
94.925767
94.197233
94.221757
93.987439
94.55327
94.6727
95.616674
97.783159
94.828745
97.210109
96.485251
95.597985
94.685171
94.489545
94.69482
94.2087
94.710328
94.832345
94.933402
95.579104
95.153288
96.39658
95.610135
95.50617
95.049777
95.554184
97.254743
97.084514
101.578848
96.46063
97.889935
98.926256
97.972269
98.390588
98.130162
98.975948
101.235384
103.031782
105.517538
107.295095
116.401263
115.770528
94.796219
94.650408
97.008547
96.489548
96.073964
96.013563
97.057332
95.666109
96.767399
97.274266
102.713064
95.124425
95.462701
97.307871
96.395753
96.12182
96.508683
97.22282
96.099622
96.711018
97.910678
97.175347
97.559679
95.87044
96.397088
95.946168
96.924494
96.057804
95.92092
96.974974
96.727098
98.95676
95.833154
96.966174
96.42103
95.922314
96.969099
97.788077
97.436582
99.36775
99.289132
99.232478
100.608835
100.815264
102.683598
106.075294
105.967367
107.889217
120.589364
98.622382
96.349658
97.975978
94.184646
95.986075
93.657356
95.066645
96.351125
94.034811
94.828816
96.267217
96.118102
93.148997
93.782078
95.433326
96.036529
95.025476
95.496168
95.424678
97.082664
96.499831
101.951337
241.29322
94.27298
97.11222
95.388289
95.150771
96.049391
98.430122
95.795859
99.645459
97.776346
98.654824
100.933225
100.503803
100.245387
100.663795
99.468867
99.671673
100.400543
102.354336
102.369294
104.779165
108.196917
112.204318
121.073728
129.813718
94.78053
94.118443
95.73194
94.935608
94.136627
95.305122
94.812774
95.672882
94.173506
93.977354
95.632533
95.488885
93.697755
95.307333
93.661478
94.476217
94.482341
95.156108
95.243489
94.903041
94.940408
93.679138
95.194155
93.138267
94.083742
94.616475
94.434201
96.357625
94.621126
96.984653
97.795648
94.502142
94.54534
94.647034
94.673344
93.343853
94.883418
94.148535
92.956391
93.522499
92.477357
94.264544
94.989232
93.855652
94.783683
95.128635
94.249686
95.102929
95.392095
95.202523
93.701404
93.859384
92.612461
92.711473
94.227234
94.77148
94.317367
93.567378
93.623442
93.157438
94.031438
94.073961
94.44206
93.67791
96.102352
94.421189
93.23123
94.140746
104.402685
94.096178
96.571593
93.609975
94.189433
94.975144
94.372904
93.450267
96.155424
93.437356
92.532539
92.824751
94.804984
93.702291
93.004128
93.721825
95.298551
93.425847
99.329453
93.436531
93.053319
93.81429
93.425187
94.951213
93.337131
93.944622
92.853324
93.637001
93.285006
92.946179
93.527255
95.290028
93.203436
93.085944
94.56232
95.969717
96.408465
94.012717
92.940418
95.219796
94.958076
94.848823
95.444312
94.721018
94.951177
95.721751
93.890551
93.53317
93.022438
94.298636
92.797567
92.995833
93.292456
93.664491
95.495143
95.153215
92.93376
94.28306
94.907671
93.589415
93.585394
94.47097
94.568396
94.373016
94.986384
95.255273
94.762369
95.434041
95.668708
94.618048
93.945112
94.954739
94.211818
97.279512
93.985168
93.627955
101.899813
94.568059
94.727276
95.053628
94.511277
94.741167
93.320321
95.259788
95.660804
93.510727
93.835642
94.05463
94.696975
93.725765
94.553687
99.296502
93.059307
93.824751
93.812721
94.255523
93.142991
94.030885
92.889792
94.146275
94.988937
97.526918
92.930772
94.961393
94.229656
96.501963
94.647199
94.11725
94.054745
93.541073
93.444622
94.643966
93.340397
93.371255
95.287809
96.13009
92.484615
96.502308
93.760796
94.592802
94.398781
94.025896
93.945504
98.038477
93.329132
94.088918
93.994375
93.926817
93.821531
93.007642
93.919169
93.818367
95.318147
93.972964
92.544599
93.376799
94.317579
97.398259
94.054867
93.686227
93.393149
95.339834
95.783628
94.518542
97.580179
94.654043
93.542475
93.873723
94.041826
95.4972
95.502457
96.619507
96.183243
95.316767
94.059938
93.637598
93.957892
93.842307
94.03002
101.367259
103.190801
97.577266
94.777302
94.072921
94.022184
94.363179
94.973533
94.70972
95.040853
93.843933
95.366777
94.215405
93.892388
93.932361
94.166774
95.340667
93.816777
93.691548
94.906257
94.199552
96.785719
94.875384
94.061327
101.049768
95.181756
94.180781
94.575961
93.59136
93.666079
96.242859
93.759426
94.566806
94.378848
94.845938
94.578907
94.394826
95.275756
97.552574
93.587073
94.998715
97.273451
95.355661
95.31815
94.637922
94.13887
94.039835
95.393179
93.687473
94.011583
94.665567
97.205106
94.186969
94.921342
98.234329
94.224051
96.139886
94.823472
94.392846
93.394067
94.216515
95.18883
93.043829
94.03258
93.760386
94.65862
94.072865
94.033951
94.6636
93.962075
95.164021
94.918658
95.382263
94.03531
97.507593
93.892927
95.323234
93.315787
98.283097
95.985951
94.22309
93.626116
93.990214
95.194965
94.344306
97.575476
95.000295
93.658814
94.333094
95.223935
94.422768
94.869864
94.970676
97.9845
94.014738
94.647357
94.939127
94.852353
95.019474
97.51157
96.836574
94.093845
93.560736
93.923969
94.142591
95.548242
94.229421
94.034276
94.62217
95.153795
95.846783
94.48984
94.627086
97.532703
95.254057
96.568725
95.547238
96.274036
94.645914
95.336143
93.953792
95.33776
94.954061
95.684989
93.587029
94.50206
94.75709
94.384414
94.834046
94.72079
94.371815
93.928353
94.069077
93.392118
94.139627
95.356254
93.527151
95.436779
93.821221
93.528179
95.011301
94.562886
95.517541
94.798233
93.670237
95.247417
93.770992
94.700896
94.810837
95.053815
95.683288
95.208352
95.080753
95.908463
94.043421
95.739305
97.13766
94.900667
94.410514
96.363723
96.40705
94.972055
96.30943
95.183967
95.809649
95.430699
95.118474
95.207848
96.704699
95.620404
95.615401
94.356786
95.918489
96.627471
95.105534
97.204644
95.751909
94.349941
95.595816
95.733054
95.455998
95.511735
95.965884
94.462759
96.321039
96.18088
96.944241
94.713401
96.393667
97.853024
98.628104
96.432872
96.110826
96.556659
95.044718
96.972385
95.57788
94.994563
96.580635
95.207133
95.432991
110.18468
97.781552
97.740113
97.705398
97.639376
100.061341
100.716038
104.105231
104.62546
112.585398
130.403927
240.302051
307.116148
389.463107
400.861179
421.668238
442.815625
96.024526
98.280117
110.801257
95.147886
94.73436
96.426147
95.058659
94.904067
98.11556
97.344093
95.690587
94.457116
98.132773
96.565293
95.76269
122.982126
96.855509
99.14698
97.605737
97.316158
98.215734
99.780689
100.800429
109.298338
112.120003
120.150015
212.662622
249.161238
256.515349
312.036873
380.849166
432.883258
513.255819
677.446077
246.97581
97.433306
98.732398
99.031721
100.228984
101.550695
103.094623
113.550412
166.592182
239.054587
242.638386
240.360191
228.288364
245.877749
247.629202
276.005395
289.486554
319.658655
318.590553
349.054723
480.096332
492.753985
497.948756
553.088326
726.999145
100.005869
95.759797
96.407025
99.543639
98.283753
98.788399
95.474077
94.057088
102.106234
93.626502
95.534523
95.200746
95.67603
94.789825
96.346991
96.219198
94.999635
94.749328
97.354266
95.019711
96.038418
95.724955
95.683906
98.85894
97.947374
98.196077
95.418979
97.827139
99.23313
102.08161
105.791434
127.406757
206.810803
241.858283
247.810097
235.59786
245.506607
246.279857
290.114324
319.544601
329.605387
320.330654
325.728882
96.024941
95.246502
94.521052
96.268569
95.660269
96.578494
97.24925
95.289858
95.412689
95.377856
96.766587
98.632059
97.484241
95.400778
96.956482
98.827771
95.133043
95.554
96.558398
95.25698
95.137445
96.285736
95.175619
97.427311
94.501377
93.99286
95.027126
95.897996
95.252897
96.384552
96.496438
98.228375
97.341535
97.809761
98.955448
95.51755
97.302434
97.09413
101.63132
96.720225
98.247521
99.668747
98.383729
101.258562
103.194341
103.914157
110.876131
126.407236
146.175267
165.694649
95.427032
96.852703
96.144109
101.222387
97.482099
96.31376
95.100812
96.530568
96.203
95.950677
95.169558
97.297355
95.543273
95.475018
96.070948
94.214055
96.907984
95.100073
98.359981
100.750393
94.495479
95.335146
93.541514
94.253521
93.741633
96.304408
95.710898
95.414371
94.022033
96.194416
94.511876
95.283523
95.851192
97.380681
98.282682
97.170296
97.437078
95.199009
97.346278
96.874858
98.458751
96.428951
98.104238
101.308121
99.173384
102.595454
104.746933
113.007941
124.076572
156.904598
99.436601
94.273999
95.665358
94.620059
96.105774
95.392056
93.916796
95.473447
95.040651
93.965877
96.301746
94.318849
93.699764
94.484119
94.796839
95.88624
95.409827
95.119079
94.799497
94.831378
94.533005
98.563869
99.761679
95.276028
94.944301
94.805352
94.984708
96.564155
95.993813
96.362993
95.517553
95.930085
96.303148
95.904813
95.69731
96.295175
96.285779
96.744565
97.215407
96.863455
96.747583
98.029266
97.885535
106.638631
99.485397
101.37925
110.899263
109.379396
116.287946
110.643915
95.277393
94.616752
95.097006
94.894332
93.921435
94.350818
94.683906
97.134257
93.623452
97.74141
97.187098
97.692109
94.761902
97.993116
95.647658
96.220992
94.812605
94.336506
98.864374
96.668968
94.687668
95.049203
96.051594
95.079565
95.426728
95.336147
96.188367
96.343361
96.357521
96.445227
96.1201
96.25193
96.70045
96.465566
99.036053
97.471433
98.648566
98.97267
99.109825
102.936387
99.217742
98.577483
99.253443
99.237095
99.972223
102.204524
104.807837
110.221723
123.263356
152.717111
94.325641
95.041167
95.467498
95.811981
95.288556
94.42235
94.856199
97.885184
94.677643
94.892796
95.746551
95.847427
95.514752
95.592136
96.203454
95.355515
95.624364
94.901195
97.012419
95.395572
96.82231
95.548109
96.058702
96.521076
96.176393
97.89579
97.781187
97.329763
102.625091
98.691427
98.714234
100.890198
100.667191
101.176553
102.26703
104.596263
105.45592
108.907225
115.719721
130.861091
160.318705
206.091864
273.932131
328.8166
357.509139
398.937069
94.649327
94.049696
97.019846
96.841329
96.742948
96.243772
95.109419
95.502904
94.751132
96.114141
99.746725
94.808835
96.534622
94.616142
95.590817
97.523299
95.610117
95.842737
96.784813
94.317358
95.683884
95.884031
94.667915
94.622258
96.14098
95.404388
95.300277
93.330753
94.326599
94.704182
94.321122
94.649794
96.284726
95.186853
95.57176
94.855467
100.128383
94.09436
94.51031
96.361156
95.573723
95.129597
94.269522
94.318201
95.42591
94.539753
94.486269
97.010825
94.976051
95.211006
96.298237
95.559854
94.923461
95.951571
94.314627
94.817278
95.788033
96.216709
94.573336
94.570271
94.933265
95.824076
95.062706
94.110043
95.398668
94.550839
98.815456
95.535667
94.603304
100.13483
94.849547
96.201681
95.241625
94.726663
94.960118
94.828033
95.189018
96.303597
95.390069
94.387445
94.149996
94.019764
93.605717
94.458986
97.289742
99.216544
93.667745
95.200596
93.703835
94.365792
94.420605
94.140072
92.871007
95.239574
94.897786
94.71616
95.124454
94.14284
95.877532
94.312556
95.398317
96.133671
95.325875
95.006187
97.309378
95.016957
96.302033
94.659529
95.878765
94.642804
95.684861
94.227032
95.246371
94.695897
95.427017
95.356069
96.328208
95.293448
95.229836
95.065875
96.753059
95.209833
95.414529
97.181967
95.65055
95.270527
95.913812
94.573537
94.340047
95.301421
96.42372
97.702525
94.718772
95.934127
96.170983
96.182919
96.932918
95.556714
100.961233
96.525749
95.69014
95.837779
96.903193
95.34516
95.57908
98.704067
95.173907
94.866857
95.79848
96.26007
95.146358
95.566985
94.11941
95.491409
96.314063
96.973081
94.507181
94.792683
96.449347
96.388446
95.024784
95.963556
94.402475
95.140065
95.236673
96.08251
95.831673
95.327237
95.437977
95.89329
99.24208
94.573656
96.583779
95.674416
94.522714
95.015447
95.07757
95.04048
96.578163
96.491018
97.164002
97.242711
99.648304
96.191821
97.604541
95.25945
94.901305
95.130519
95.708619
94.696191
95.145572
101.180796
95.496318
96.132805
95.567724
94.11844
97.617889
94.1575
94.349018
95.000398
95.155428
94.324721
94.973594
94.725086
94.606806
95.715191
94.789581
96.69352
94.825682
95.849936
102.072923
98.126901
97.690854
95.688732
96.331768
95.200829
96.440371
256.334568
95.492702
94.664914
95.266347
96.159416
96.265727
96.752204
95.116836
94.746226
94.612922
95.657513
94.42522
97.270277
242.666919
95.228266
96.05724
96.454765
95.209252
95.037586
95.192557
94.452646
94.978449
94.812667
96.275061
95.618096
95.643966
95.394482
95.25979
96.500332
99.037829
96.97406
97.197097
94.628803
95.586124
95.391848
95.233314
95.917981
96.324881
94.318213
96.651698
94.18429
94.874768
97.158827
95.46779
94.712615
94.021165
95.443969
94.876138
94.208273
97.379461
94.423332
94.807747
95.390535
94.54941
96.629934
94.525276
95.517106
97.486748
95.01567
95.239984
96.021965
96.251468
97.53513
95.166439
95.283088
96.284914
95.225194
95.638406
96.447017
96.637598
96.169155
95.572583
97.0413
95.373297
94.475218
96.022283
97.184356
95.960839
94.868288
94.911134
95.784819
96.091379
96.523565
95.065969
95.813525
97.327361
96.133168
96.837572
94.427363
96.032574
94.567503
96.19199
94.596923
94.833805
96.285531
96.951778
94.826739
96.3357
95.265814
95.445144
95.502441
94.419628
97.994699
96.65936
99.170104
95.153173
95.455793
95.944595
95.745138
94.472655
97.00176
94.601127
97.388037
94.585922
96.184186
95.135629
95.020811
96.465515
95.879282
95.322654
95.811898
95.013955
95.527246
96.28193
94.670219
96.891245
96.895623
242.641386
94.779976
95.418158
95.70534
96.108034
96.563598
95.76489
95.421236
98.694985
95.169198
94.886795
96.285389
96.480403
94.393137
94.168451
95.605834
94.488966
96.488809
95.752628
94.827604
96.732316
95.340613
96.312951
96.00297
97.86974
95.694918
96.730979
95.632515
94.727819
95.089836
96.135612
94.690736
96.97226
96.45629
98.018691
95.605928
96.903763
97.906269
96.799244
95.724748
95.50592
96.0352
96.885185
95.563473
94.997657
96.737705
97.171235
96.682086
96.067711
95.622744
96.903399
96.439342
95.224391
95.253799
96.182605
99.034742
95.708185
95.142129
96.100362
95.394005
94.482931
95.314286
95.731013
96.022732
96.178691
96.899595
94.61448
95.147017
95.492305
96.00657
96.277066
95.080235
97.577076
97.22231
96.114088
96.015373
98.069059
96.804457
95.86842
94.464194
96.118001
96.884306
97.805284
97.288088
96.997061
97.686293
98.812636
96.758498
96.499752
97.02133
97.439807
99.530266
98.482586
99.543692
99.092282
96.931363
97.975672
98.357006
101.697587
103.164159
99.661102
100.449564
100.281892
101.186106
101.462253
103.432716
103.033305
104.678632
100.59487
95.433246
97.45804
97.411881
97.632311
97.013976
96.377497
95.708527
100.670646
102.533903
98.104913
100.704936
96.022573
97.905624
98.737817
96.659407
97.410656
98.437887
99.287952
100.334444
99.203251
101.557239
100.335387
105.253871
104.150418
104.593447
107.75615
113.440113
119.734026
137.161818
165.831573
262.43903
96.351618
95.68965
94.760901
96.995641
96.185015
96.157545
96.5904
98.100841
95.584931
97.086973
96.264651
96.160569
99.222094
95.740863
97.778097
106.158295
97.655758
102.559836
102.788146
101.292686
101.801832
105.048284
112.077766
123.811636
213.843181
95.975569
95.326684
96.841314
96.563122
106.810161
95.573606
95.217254
96.497259
98.150987
94.970499
95.836131
95.929463
95.070212
95.977202
96.1605
93.91579
95.072937
94.859633
95.584543
95.209528
94.520849
96.457882
95.109114
95.15343
95.694985
95.990394
95.458404
98.414916
95.782121
96.726442
95.999656
97.554985
96.104882
97.477702
96.450695
96.757104
97.137382
98.69535
97.629118
101.60345
99.496152
101.037403
102.80795
103.780702
106.425369
111.71227
124.534403
185.927897
94.662526
94.98054
95.513565
95.938795
94.960308
95.942454
96.259479
95.327965
95.842529
97.066639
96.293341
96.213049
96.181227
94.628766
100.167716
98.572463
96.020265
95.645384
95.865865
96.269886
95.692461
95.835694
96.017991
95.374221
95.250365
96.493359
96.650679
98.244788
95.867835
96.133791
99.876696
97.296947
97.409671
97.963218
97.14775
97.003868
98.036757
98.132311
97.826047
98.984586
100.567297
99.214189
100.956028
101.931119
103.770864
106.668747
110.31846
120.330298
166.855346
94.381905
96.332747
94.716892
102.073914
94.871868
95.295366
95.825523
95.876529
95.564125
95.627575
95.730312
96.370527
95.578418
96.061247
95.409528
95.566733
95.340954
96.341298
95.126261
96.471489
95.792977
95.936983
95.211848
95.517843
94.93769
96.072849
95.722235
95.161747
96.295249
96.86541
96.115405
97.401765
97.29772
96.040569
96.725742
97.30291
98.511711
96.854989
98.400758
99.258486
98.110531
99.112273
99.353097
101.324669
100.465509
103.977402
105.371748
108.373165
113.578646
136.935721
95.496293
98.069151
94.695275
95.828598
95.667885
96.46164
97.090802
98.703867
95.650916
95.215985
95.712027
95.71654
103.303456
95.287448
98.163393
96.093933
95.611981
97.737204
97.535567
99.354945
98.372017
97.661137
101.78375
96.383747
98.258947
98.942584
97.232199
97.445528
97.589841
99.685829
97.026381
96.488876
101.197483
97.933363
100.543172
98.338496
97.711636
98.914807
97.858371
100.082778
115.325408
101.325451
100.049152
101.77353
102.715587
107.448059
113.35192
122.579539
152.489903
95.715694
95.119128
94.054612
95.681535
95.534428
95.358153
94.682119
94.741385
94.981087
94.691945
94.841221
95.241349
96.006535
95.420704
97.027595
95.630712
95.48483
96.140423
98.284483
96.106837
95.526953
100.012965
94.806237
96.500874
97.014429
97.476522
96.922807
97.495479
96.590304
96.526973
97.732525
97.970799
98.0954
101.602698
98.151236
100.029629
98.381297
99.950573
102.525595
104.974815
109.797416
118.743411
151.59026
293.682929
362.433897
357.829621
202.166038
96.52263
97.131537
95.222237
96.296523
95.37527
95.724203
96.993104
95.951075
98.061233
95.827691
96.834997
96.199885
100.954449
96.423788
96.362846
98.812359
97.449244
97.06875
96.74367
96.965837
97.652945
98.855037
98.180115
100.086732
99.32849
98.599949
96.914867
98.489557
99.587394
98.213309
98.751592
98.170644
99.218602
100.894793
101.063197
101.595543
102.298635
104.958003
109.667269
113.317618
119.831884
157.915504
254.326413
