6.684517
6.709444
6.671575
6.718317
6.689093
6.630271
6.653117
6.676853
9.470901
6.634009
6.677151
6.596794
11.20293
6.709999
6.514875
6.572391
10.371888
6.65659
6.680384
6.651152
6.67074
6.65937
6.754241
6.618704
6.715494
6.874689
11.638114
9.56582
6.694267
6.807874
6.662729
6.645705
6.69118
6.676487
6.718813
6.715303
6.669591
6.771194
6.726935
6.651677
6.631554
6.639285
6.682173
6.616674
6.648188
10.638384
11.200698
6.662319
6.686037
6.828897
6.682507
6.741318
6.675238
6.709028
6.736667
6.607128
6.722867
6.550857
6.651663
6.662909
6.644381
6.666417
9.427733
6.638879
6.658922
6.699893
6.648073
6.713055
6.634534
6.674462
6.661091
6.65816
6.641734
6.647343
10.748145
6.650234
6.675854
6.802867
9.25249
6.704225
6.71797
6.6883
10.351753
6.807772
6.682313
6.661737
9.827269
6.700905
6.632892
6.636823
10.439308
6.826002
6.622449
6.685098
6.800994
6.774797
9.311002
6.67734
6.617974
6.632577
6.627161
6.624501
10.250498
6.82797
6.616087
6.61812
10.397457
6.663739
6.682881
6.612837
6.759703
6.687674
6.631347
6.608756
6.624472
6.703702
6.864434
6.678586
6.775555
6.643439
6.658499
6.710721
6.601607
6.695893
6.656937
6.671221
6.676522
6.806052
11.130679
6.649776
6.637291
6.742662
6.704712
6.691565
6.642105
6.684323
6.775428
6.666267
6.679033
6.647527
6.659783
6.640796
6.657204
11.114647
6.625597
6.628538
6.737952
6.611492
6.660082
6.674871
6.67477
6.682157
10.923832
6.650597
6.692016
6.629521
6.746805
6.652474
6.643082
6.643036
6.677081
9.526594
6.672982
6.645023
9.694731
6.629174
6.645687
6.745067
11.978066
6.616252
6.630282
6.780218
6.651156
6.698247
6.663318
6.729455
10.033987
6.618704
6.683508
6.704037
10.649008
6.827748
6.61733
6.673285
10.000174
6.655339
6.665502
6.681071
6.610977
6.664217
6.66563
6.756486
10.901572
6.743881
6.628893
6.667466
6.737261
6.787141
6.655125
6.712478
6.628173
6.627717
6.645758
6.763521
6.673753
6.662006
6.62357
6.705866
6.65427
6.699222
6.738479
6.635381
6.758521
6.641031
6.655504
6.658688
6.76472
6.649786
6.699205
6.676653
6.672242
6.675069
6.722732
6.679668
6.699965
6.649652
6.660658
6.743289
6.659897
8.89986
6.665049
6.683935
6.728372
6.639501
6.678599
6.686168
6.614606
6.661636
6.626311
6.604397
6.623574
6.780482
10.65038
6.671573
6.667859
6.633527
9.632336
10.520928
6.646961
6.698224
6.663948
6.646889
6.62581
6.718109
6.821775
6.629535
9.624353
6.639861
6.692694
6.617048
6.67301
6.642815
6.634333
6.681745
6.701679
11.257108
6.679899
6.634925
6.690289
10.523287
6.667232
6.790056
6.713636
11.078017
6.659514
6.61985
6.755555
6.65262
6.636741
6.625158
6.650753
10.496569
6.710491
6.645918
6.681664
6.672636
6.652654
6.636328
11.050147
6.705571
6.824366
6.701015
6.644503
6.820583
6.65896
6.672553
6.67598
6.713959
6.638371
6.624292
6.673007
10.078174
6.605016
6.667266
6.67457
6.695688
6.583228
6.813205
6.629983
6.772742
6.733427
6.782977
6.617644
6.6586
6.68066
6.689833
6.661771
6.868551
6.681977
6.616647
6.664044
6.684296
6.584001
6.689093
9.56244
6.685177
6.612298
6.677118
6.633679
6.695124
6.769196
6.68893
6.679169
6.665252
10.65807
6.623297
6.620335
6.69688
6.737301
10.608272
6.684999
10.470535
6.716811
6.682269
6.667049
9.012193
6.641576
6.622543
6.644176
6.745735
6.699919
6.652263
6.674821
6.667615
6.649943
9.611776
6.682443
6.616812
6.719392
10.543494
6.665438
6.615113
6.623362
6.646204
6.763088
6.64934
6.63828
6.77067
6.648
6.713555
6.665724
6.753841
6.669906
6.636803
6.686925
6.660283
6.644847
10.104777
6.649364
6.666878
6.643168
6.645947
6.632416
6.62492
6.782218
6.658881
6.675368
6.650654
6.630189
6.65355
6.684098
6.657858
6.682823
6.633469
6.802
10.72149
6.632862
6.645451
8.958766
11.486652
6.676722
6.628458
6.673411
6.82749
6.630916
6.622965
6.647251
6.839963
6.644053
6.638349
6.664171
6.749997
6.695015
6.675555
6.618751
10.085764
6.647321
6.63858
6.808153
10.912873
6.704693
6.654799
6.753586
11.156761
6.699359
6.650466
6.657682
6.671094
10.930779
6.631446
6.629386
11.332588
6.723285
6.645426
9.989199
11.480512
6.670911
6.685808
6.659884
10.874569
6.679179
6.67367
6.670102
6.676818
6.635575
6.680058
6.691806
6.614761
6.783904
6.698851
6.709194
6.620466
6.651472
6.647299
6.673578
9.406119
6.692484
11.586968
6.702347
6.618359
6.704579
11.527286
6.684238
6.658259
6.645064
6.643565
6.755598
6.613461
6.609559
6.770155
6.743546
6.642244
6.669552
6.614519
6.800362
6.708588
9.937021
10.596229
6.656192
6.736112
6.735661
6.641744
6.823295
6.668098
6.625152
6.651584
6.658842
6.684161
6.636908
6.628552
6.727369
6.682839
6.643432
6.687638
6.629615
6.648895
6.629059
6.676036
6.710434
6.676577
6.726382
6.670041
6.623407
6.636869
6.722947
6.694604
9.05308
6.668779
6.6879
6.757622
6.693787
6.709436
6.770529
10.564266
6.673073
11.317228
6.653935
10.061028
6.715621
6.659129
6.624641
10.49496
6.679295
6.653986
6.681259
9.705565
6.701188
6.714418
11.673326
6.643867
6.644492
6.671342
6.593669
11.193729
6.667087
6.721317
6.673315
11.462613
6.736236
6.667114
6.695046
6.758785
6.645647
6.72389
6.7362
6.737218
6.642954
6.655406
6.630206
6.692808
6.686269
6.65295
6.705082
9.911786
6.654769
6.745849
6.646601
6.645538
6.639674
6.620154
6.736505
6.656136
6.663283
6.641531
6.641807
6.665912
6.642365
6.77539
6.678847
6.699438
10.811286
9.481737
6.652032
6.717918
6.677367
9.236844
6.664141
6.617567
6.653484
6.631763
6.65656
6.671633
6.778534
6.708842
6.729797
6.649088
6.64105
6.703638
6.695199
6.586676
6.66402
6.670618
6.704898
6.716359
6.691297
6.716949
6.650354
6.639757
6.676823
9.733818
6.65272
6.670919
6.661376
6.703611
6.785782
6.689258
6.643896
9.554181
6.677839
6.650807
6.679041
10.691346
6.625337
6.682091
6.668996
8.793296
10.835487
6.636494
6.654318
6.700802
6.717731
9.574781
6.629023
6.641284
9.594628
6.741485
6.693738
6.668369
6.803191
6.6258
11.358114
6.7038
6.65813
6.635923
6.637781
6.694229
6.612167
6.719659
6.624212
6.621964
6.722264
6.68769
6.646216
6.644882
6.649993
6.624115
6.697976
6.692081
6.618404
6.785482
6.676297
6.65249
6.664055
6.660809
6.64569
6.624743
6.7043
6.6029
6.668472
6.642696
6.685086
6.678527
6.63489
6.800598
9.593828
6.681822
6.724732
6.623071
6.652719
6.594743
6.672931
10.452391
6.641321
6.619072
6.730287
6.629678
6.632658
10.621654
6.667461
6.699782
6.675333
6.749069
6.685579
6.698942
11.558821
6.674009
10.514766
6.689881
6.623871
8.690591
6.637717
6.691508
6.702431
9.469791
6.629982
6.650709
6.649378
6.68392
6.642662
6.707091
6.67182
6.657622
6.674967
6.662158
6.662492
6.632985
6.653744
6.598138
6.746393
6.677621
6.664226
6.648423
6.671617
9.445535
6.651932
6.780334
6.683521
10.884224
6.775727
6.635676
6.660852
6.71468
8.793997
6.653059
6.642987
6.754649
6.686858
6.628553
6.771887
6.686382
6.648719
6.591999
10.97049
6.652939
6.692213
6.753919
6.653724
6.754846
6.618421
6.614948
6.743745
6.697958
6.657626
6.650452
6.645058
6.672931
6.750183
6.710948
6.710815
6.712612
6.666805
6.65829
6.635878
8.598648
6.631127
6.655398
6.755673
11.416655
6.699512
6.639249
6.694295
6.645881
6.660974
6.670576
6.653805
6.673954
6.765571
10.299135
6.626794
6.640633
6.652598
6.700362
6.671935
6.633325
6.634876
11.186172
6.720007
6.678489
6.660754
6.65036
6.587989
6.646997
6.64715
6.639068
6.666303
6.653382
9.978997
6.697766
10.49013
6.638855
6.642361
6.644943
6.828333
6.700597
6.699206
6.772623
6.647939
6.677002
6.663724
6.60937
6.643899
6.723316
6.687921
6.672942
6.643646
6.663243
6.652826
6.663622
6.750965
6.635965
6.663921
6.724063
6.684847
6.747873
6.685236
6.658605
6.632256
6.676507
6.751446
6.777186
6.857994
6.696642
6.63068
6.724171
6.794178
6.725191
6.645551
10.17088
6.669903
6.663368
6.84926
10.664953
6.711458
6.628063
6.757104
6.653205
6.642006
6.729376
6.690745
6.650002
6.6711
6.729243
6.637076
10.251087
6.577465
6.686129
6.681422
9.782381
6.70174
6.622202
6.625476
8.821286
6.659444
6.604262
6.649573
6.675433
6.812725
6.657255
6.79555
6.614057
9.724586
6.623377
6.627407
6.642862
6.690462
9.426249
9.883532
6.663083
6.611271
9.936409
6.663744
6.716205
6.676671
6.681523
6.628838
6.674404
6.635409
11.196653
6.663432
6.563605
6.636223
6.721991
6.670868
6.653623
6.645948
6.66543
6.774927
6.66731
10.418476
6.726791
6.618672
6.674271
6.626416
8.99567
6.724558
6.670475
6.670264
6.676363
6.670503
6.675501
6.664117
6.762665
6.679457
6.676224
6.664964
6.711949
6.604151
6.697954
6.651994
6.638409
6.720997
6.678638
6.664964
6.686352
6.64457
6.643118
6.80584
6.760721
6.683691
6.685041
6.69912
6.739381
6.645295
6.703044
6.735221
6.746013
10.86394
6.667091
6.707136
6.636608
6.689254
6.671563
6.650595
9.376084
6.7124
6.626598
6.715999
6.713077
6.652453
11.031744
6.70882
6.819312
6.710864
6.628526
6.665755
9.050538
6.735396
6.752511
6.64451
10.468528
6.644812
6.678266
6.652235
11.159974
6.680328
6.657602
6.786998
13.617549
6.656154
6.588338
6.671842
6.685455
6.603901
6.673591
6.652672
6.717077
6.691629
10.839753
6.64108
6.66578
6.764865
6.627141
11.885555
6.628937
6.784085
6.672411
6.707159
6.626753
6.623351
6.676648
6.651456
6.645734
6.637339
6.779474
6.671206
6.647683
6.67741
10.616719
6.582192
6.718869
6.684394
6.613666
6.7445
6.708927
9.617928
6.733
6.701259
6.658505
6.662788
6.629231
6.738939
6.681166
6.728646
9.634799
6.660596
6.57646
6.814578
6.71827
6.72464
6.669299
6.633353
11.142141
6.628799
6.659096
6.643044
6.698897
6.606496
6.662277
6.669448
6.666322
6.609617
6.657985
6.628122
10.276351
6.646939
6.648602
6.681192
10.866547
10.349046
6.707689
6.681192
6.626425
6.597725
6.685246
6.614244
6.752905
6.657788
6.667526
6.58796
6.634168
6.727875
6.712801
6.666638
8.641406
6.661449
10.805616
8.890165
10.271852
6.614515
6.666511
6.627568
6.777849
6.653784
6.637646
9.873553
6.595348
6.658313
6.685923
6.64646
6.632111
6.679975
6.674481
6.694854
6.594948
6.71029
10.516153
6.798994
6.66414
6.784641
6.632472
6.641041
6.687505
6.645106
6.659716
6.81216
6.703481
6.6635
6.675867
6.662288
6.633836
6.619136
6.693153
8.60739
6.642176
6.689068
6.640348
6.750778
6.67658
6.717796
10.518019
6.644664
6.795677
6.735796
6.64975
6.574525
6.617876
6.648958
6.837131
6.678804
6.665972
6.699902
6.650849
6.691836
6.634043
10.857962
6.641844
6.608036
6.652891
6.693471
10.814334
6.770354
6.632126
6.709945
10.962679
6.666542
6.786176
6.67664
6.785039
6.640043
6.664411
6.679839
6.667541
6.703285
6.628906
6.669333
10.36977
6.632051
6.648439
6.67123
6.622845
6.628439
6.668987
6.638734
9.923767
6.826279
6.662005
6.696722
6.670009
6.624002
6.628219
6.742766
6.669029
10.937654
6.636535
6.648067
8.96207
6.655853
6.6941
6.614895
10.757105
6.698662
6.672278
6.76739
6.733872
6.632794
6.722156
6.662796
6.625477
6.7358
6.795337
6.710725
6.650578
6.720506
6.636248
6.656975
6.693185
6.688695
6.654572
6.674236
6.681514
6.721538
6.696655
6.731911
6.687975
6.770556
6.771632
6.636197
6.703483
6.585563
10.970456
6.752381
6.613559
6.60058
10.943012
6.661185
6.666866
6.641685
9.616271
6.659474
6.646044
6.629156
10.633786
11.371262
6.76483
6.625748
6.629682
6.776825
6.632485
6.689238
10.808222
6.663861
6.649061
6.654843
10.332441
6.672978
6.651069
10.578053
6.715449
6.762323
6.615858
6.636905
6.657539
6.671075
6.683441
6.687669
6.686556
6.832199
6.640376
6.65152
6.648797
6.613938
6.663799
6.677914
10.671606
6.743826
6.637499
6.566336
6.763098
6.614473
6.643394
6.765716
6.641831
6.605877
6.62396
6.778161
6.766288
6.656352
6.724709
6.649925
6.720485
6.655535
6.687121
6.643687
9.847907
9.147776
6.689068
6.652872
6.658863
6.670069
6.602217
6.677644
6.676661
6.774259
6.699843
6.686922
6.650672
6.681965
6.676924
6.700745
8.970926
6.628449
6.638095
6.673271
6.658707
6.765052
6.681205
6.644839
11.038858
6.642103
6.619642
6.614737
6.773773
6.668977
6.642783
6.530582
6.714122
6.623568
6.641092
6.716326
6.662709
6.707391
6.685017
6.614688
6.666928
10.220439
9.965651
15.741249
6.665648
6.661779
10.743383
6.68343
6.725835
6.692513
11.518412
6.664986
6.665467
6.723011
6.656305
6.666714
8.237911
6.583002
10.138354
6.844562
6.677545
6.701156
9.387697
7.089662
7.072327
7.037798
12.825264
6.930527
7.096552
7.055343
7.019615
7.088321
7.139726
7.098538
7.101994
7.156395
7.101828
7.131229
12.510553
10.770373
7.000433
7.044289
7.057153
7.08927
7.061093
7.098486
6.959866
7.052433
7.108741
7.093469
7.047555
7.093259
7.056196
6.853876
6.994473
6.980105
7.081166
6.934592
7.024492
7.19588
7.077546
11.439815
7.075843
6.977496
7.044532
7.071549
7.130322
12.169742
7.076028
7.018525
6.788394
7.092424
7.048681
6.89981
7.086325
7.085423
7.103333
7.117656
11.901612
7.022011
7.130774
6.975967
7.101126
7.159374
7.029505
7.115269
11.394994
6.948394
6.949036
7.111376
7.068764
7.058485
12.145654
7.101737
7.087899
7.003166
12.593754
7.214935
7.084935
7.141461
12.454531
7.011291
7.1248
13.32621
7.108105
7.071114
7.108645
7.027626
7.1381
13.424458
7.065136
7.103334
7.013532
7.135667
7.096078
7.137603
10.751633
7.105107
7.096134
7.008334
7.046269
7.099668
7.127264
7.158681
7.125341
7.084516
7.131409
7.168343
7.007078
7.136398
7.072251
12.798692
7.180968
7.06025
7.017311
7.033813
10.571111
7.012105
7.067846
7.108698
11.984945
7.069901
7.069595
7.047186
7.122284
7.145158
7.119133
6.985473
7.066653
6.99355
7.074473
7.032563
7.140326
7.108543
7.092877
6.913957
7.067885
6.900529
7.113522
7.082207
12.323328
11.241346
7.116792
6.949412
10.922451
7.12579
7.077127
11.511438
12.294086
7.051592
7.058361
7.033715
7.091277
7.125162
7.080575
7.075048
11.533104
7.090454
7.098828
7.070464
7.077083
7.078979
10.867058
7.120749
7.090855
7.11631
7.090467
6.944403
7.06808
7.067519
7.124703
6.834297
7.090255
7.092946
11.937979
7.100388
7.07378
7.000097
7.067782
7.09241
7.096455
7.077426
7.087462
7.072087
7.05605
7.067515
7.059786
7.083965
7.072005
6.985947
7.016007
7.060457
7.054204
7.019036
6.99679
7.173541
7.131943
12.760929
7.129635
7.054478
7.072708
7.119444
7.176923
12.6209
7.02304
7.022806
6.949196
7.117323
7.155897
7.090909
7.011998
7.134623
11.788015
7.038946
7.093687
6.975036
7.112462
7.111561
10.854305
7.096553
7.062365
6.966829
11.880523
7.055883
7.062769
7.06635
7.080804
7.123032
7.074833
7.047861
7.161971
7.013635
7.055272
7.067872
13.197025
7.05583
7.107984
7.110676
7.151827
6.979085
7.060125
7.081563
7.107402
7.125245
6.994805
7.008965
7.07326
7.10117
7.099988
7.080096
7.095281
7.101033
7.062303
7.076875
12.215154
11.277049
7.046211
7.09982
13.023712
7.101598
7.033917
7.086608
12.186439
12.935913
7.181218
7.06842
7.076568
7.042538
7.097257
6.974604
6.954116
7.058116
6.967972
7.047158
7.187722
7.058719
6.966587
7.041304
7.143392
7.045839
6.944603
7.047736
7.094341
6.97896
7.124149
7.118408
6.978612
7.058526
7.179736
7.094714
7.128335
7.100219
7.160186
7.035271
7.079831
7.118734
11.738292
7.0964
7.15584
7.071843
6.948813
11.930052
7.034766
7.061005
7.023503
7.159988
7.120198
6.944319
11.202486
7.089875
7.056983
7.091941
12.56423
7.141855
7.054753
6.941592
11.714694
7.099527
12.420754
11.949813
13.147016
7.037105
7.114768
7.03031
7.038772
7.040273
7.097779
7.048783
7.126925
7.108606
7.098669
11.578084
7.108651
7.084739
7.073872
7.088881
7.012546
12.522018
7.100897
7.186405
7.117313
7.170004
7.099662
7.084313
7.150016
7.066586
7.130716
7.071898
7.111066
7.110631
7.096151
6.983424
13.593284
6.972375
7.064568
7.078017
7.053632
7.011842
7.093327
7.139712
7.0631
7.007895
7.081966
6.982691
6.96701
7.114177
7.095772
7.099527
7.451074
12.875919
7.135465
7.010862
12.319982
7.051533
7.110945
7.067018
12.918855
7.066028
6.946782
12.531734
7.142522
7.050386
7.072583
7.163149
7.091101
7.162141
7.019214
7.070325
7.102424
7.146182
7.02106
7.071862
7.040885
7.075342
12.296414
7.120239
7.13171
6.948986
11.582931
7.017981
7.109294
7.124299
7.123077
7.070647
7.102125
7.069218
7.016799
7.075104
7.023515
7.055132
11.265941
7.099995
7.109475
7.115482
11.661636
7.102254
7.055952
7.005547
10.885838
7.095085
7.118664
6.972318
6.984454
7.156895
7.027467
7.085673
7.067858
7.100094
7.093227
7.048534
12.024308
7.045627
7.088335
7.110078
12.445346
7.034552
7.101505
6.979327
11.20933
7.119031
7.002477
7.087054
7.131037
7.076078
7.142304
7.156846
7.017661
6.819726
7.027578
11.937743
7.076617
6.91944
7.07986
7.074423
13.161342
7.058773
7.098376
7.151635
7.139156
7.035033
7.094462
7.13631
7.080049
7.080472
7.106882
6.987542
7.092834
7.120809
7.068405
12.165287
7.096128
10.786534
7.098536
7.087491
11.421459
7.131278
7.082311
7.07392
11.610203
7.073523
7.109843
7.08505
7.121764
6.985589
12.35505
7.107435
7.172971
7.075117
12.007942
7.061306
7.097467
6.946581
12.517624
7.109113
12.072563
7.068205
7.027138
7.118675
7.079805
7.055429
7.115961
11.876836
7.029575
7.087362
7.102362
7.116345
7.084444
7.109074
12.252406
7.014822
7.083029
7.125909
7.037847
7.091048
7.111045
7.158221
7.102357
7.105882
7.054217
7.029749
7.121535
7.111276
6.993205
6.817124
7.155118
7.066183
7.128031
7.073549
6.956169
7.10349
7.019694
7.155744
7.140895
7.050221
7.076659
12.851293
7.094709
12.083352
7.115427
7.15852
7.111086
7.116689
7.045961
7.123184
7.004403
7.102482
7.130639
7.089487
7.053669
7.123022
7.097891
7.000232
12.183056
7.089928
6.998558
7.074689
7.13149
7.014371
7.107276
7.134265
6.990458
7.105295
7.052801
7.108998
12.814131
7.092519
7.08111
7.087764
11.673995
7.077265
7.082545
11.9765
7.023703
11.358772
7.108401
7.166702
7.144215
6.996978
7.040755
7.091157
6.915258
7.11197
11.683337
6.930293
7.081543
7.068123
7.086939
7.04825
7.10102
7.088544
7.068141
12.192458
7.033533
7.115276
7.108346
7.001253
7.069641
6.882189
7.016892
7.112175
7.108269
7.039093
12.035782
7.10859
7.026638
7.093821
7.088195
6.944618
11.937782
7.113471
7.094273
7.06869
7.140979
6.924478
6.947647
7.054873
7.100737
7.090971
12.513092
6.952532
7.138944
7.10995
7.168434
6.948047
7.082354
7.071935
7.15247
12.241363
7.147769
7.128057
12.204744
7.010415
7.081766
10.76548
11.553906
7.085942
7.075378
7.074709
11.972475
7.101819
7.072378
7.097788
13.398725
7.224537
7.068874
7.132775
12.747999
7.014407
7.098568
7.093803
7.082072
6.806367
7.073036
11.681463
7.208621
7.112008
7.083768
7.094369
12.190975
7.151921
7.088558
7.031751
10.974746
7.113046
6.933894
7.081508
7.009228
7.086495
6.909641
6.985929
7.196875
7.063145
7.084611
7.013468
6.956943
7.143761
7.09295
7.103854
7.145844
6.973395
7.116782
12.555205
7.117436
7.109802
7.128774
7.070714
7.059772
7.10434
7.140081
6.946077
7.08346
12.205631
10.078515
7.11817
7.142603
7.043914
7.073711
7.111951
7.078763
7.092451
12.445436
7.086612
7.109202
7.044072
7.087301
7.069064
13.466281
7.095529
7.033707
7.115361
7.081064
7.126151
7.073465
6.983825
7.09074
7.054412
7.119261
7.071223
7.101911
7.076636
12.739712
7.066998
7.048632
7.08784
7.065815
7.06602
7.07494
7.065654
6.835437
11.920155
7.086123
7.047747
7.057006
7.088891
7.030029
7.16709
11.363823
7.160728
7.070796
6.982252
7.080521
6.947201
11.6388
6.917727
7.110566
7.081844
7.088026
7.07689
7.00205
7.014847
6.993283
6.933896
6.910437
7.09611
7.079351
7.016861
7.081642
7.075743
7.138528
7.048957
12.144193
7.110781
6.963969
7.143999
7.157711
7.123426
7.089688
7.085289
7.029049
7.051084
7.11813
7.116203
7.089379
7.111371
7.089262
7.087433
7.096406
7.098242
7.108409
6.949136
12.448121
7.097047
7.047249
11.091497
7.175536
7.226509
6.998935
7.07854
7.116079
12.73608
7.118515
7.091069
7.070489
6.983654
12.820467
7.079649
7.098762
7.094739
7.101981
7.057345
7.052321
7.093649
12.181421
6.956124
7.055972
7.124107
12.112676
7.118036
7.101543
7.065998
7.169282
7.158694
7.0853
7.028521
11.924334
7.089661
7.083692
7.098877
12.831648
7.142593
7.02662
7.048431
7.030161
7.09508
7.096705
6.988224
7.067477
7.118472
7.041031
6.905915
7.092867
7.095462
7.116637
7.105938
7.147092
12.421339
7.182122
7.011938
13.508774
7.117201
6.916323
7.119237
7.027449
7.080182
6.991651
7.093432
6.98588
7.078205
7.073055
7.056836
6.962651
7.027339
7.063775
7.079403
7.07632
6.939015
7.095365
7.128246
7.075193
6.998437
7.08294
11.758598
12.69601
7.06318
7.044373
7.076889
7.043348
6.968477
7.022559
7.115299
7.17702
7.114838
7.064589
7.146273
7.09344
7.084921
7.037248
7.106826
12.700704
7.087641
7.109636
7.067732
7.062561
7.075563
7.115256
7.205838
13.478313
7.0323
7.039049
7.091886
7.076832
6.935561
12.197491
6.837095
7.155623
10.863553
12.565451
7.104275
7.097383
7.123861
6.972366
6.977529
7.097884
7.107972
7.004327
11.790399
7.105077
7.064909
7.095751
7.134564
7.07288
7.137707
7.077198
7.083616
7.082887
7.128416
6.953843
7.157057
7.070294
7.089221
7.127381
7.104489
7.091525
7.037161
7.084034
7.066202
7.051963
6.941246
6.994104
7.051767
7.102942
7.138831
11.638791
7.134028
7.094926
7.147434
10.539997
7.095811
7.093467
7.10944
7.114419
7.089318
7.129506
7.143605
7.130622
7.113403
7.190426
7.089739
7.08588
7.033801
6.781203
7.130998
12.284401
7.072056
7.063766
7.107398
12.384803
7.063138
7.093508
7.09299
7.104031
6.954807
7.057947
12.253044
6.941912
7.041232
7.155232
12.480005
11.408321
7.069606
7.105984
7.084064
7.061042
7.103281
7.103166
7.090717
12.397964
6.961065
7.094517
7.057598
7.094236
7.056836
7.140683
7.022214
7.087972
7.102371
7.087752
7.077924
7.083253
7.057508
7.131834
7.004314
7.102916
7.098434
7.127202
7.060852
7.126003
6.946015
11.672301
7.086652
7.083036
7.133045
6.998579
7.180567
7.087006
7.09027
7.065669
7.071571
7.035546
7.147977
7.089327
7.077484
7.124527
7.076807
7.12703
7.12147
7.070483
7.109803
7.058019
7.193291
6.988024
7.044911
7.071466
6.953789
7.141593
7.045406
7.059445
7.104445
7.100999
7.07701
7.070132
7.10137
7.103806
7.139017
12.639665
7.111725
7.096341
7.024066
7.09994
7.074313
7.032019
11.68682
6.958246
7.113045
7.053209
7.072281
6.999011
7.077954
7.082579
7.169116
7.074156
7.128129
7.077041
7.061762
11.926968
7.100044
7.132157
7.073479
7.097045
7.079368
7.188042
7.14519
7.111055
7.028064
7.138185
7.046264
7.118092
7.037335
7.054941
7.00113
11.58923
12.897848
7.107033
7.106812
13.226425
7.069544
7.091443
11.514006
7.092981
7.072049
7.050253
7.035081
7.000323
7.079047
7.078555
6.956592
6.970533
7.072828
7.045964
7.095707
7.023787
7.192597
12.155234
7.049673
7.110086
6.992773
7.129406
7.084552
7.081713
7.082994
6.95072
7.139391
7.09009
7.032856
7.027949
7.06708
7.096196
7.108095
11.984186
7.02039
7.128469
7.127432
11.64457
7.061132
7.136527
7.088627
7.057917
7.082078
7.076379
7.07688
7.097032
7.008202
7.067179
7.061718
11.620027
7.092537
7.10104
7.050523
7.161356
7.059855
13.065889
7.08492
11.623772
7.067946
7.043461
11.583014
13.153091
7.162058
7.116286
7.136833
7.029119
7.074824
7.120075
7.060785
6.9323
7.105631
7.090897
7.105991
7.03252
7.115022
7.097567
7.064097
7.157517
7.099841
7.012418
7.097267
7.092723
7.111284
7.15153
7.115944
7.056431
7.013372
7.136747
7.143516
7.054757
7.094207
7.187615
7.078221
7.120211
7.107255
7.101728
11.664547
7.006239
7.093782
7.074637
7.122854
7.182509
7.077378
7.048442
7.093778
7.104668
11.808788
7.084939
7.139609
7.078716
7.118335
6.974425
7.097382
12.142431
7.10541
7.109751
7.095086
12.577718
7.000325
7.103653
6.909802
6.908417
7.083684
7.100189
7.117207
7.076691
7.134793
7.084367
7.101309
7.122894
7.120742
7.040209
6.923904
12.043145
6.982822
13.518319
7.025049
7.098009
7.105039
12.151237
7.099493
7.069034
7.178797
7.146675
6.965194
7.067604
7.100834
7.097821
7.126608
7.096112
7.109425
13.123132
7.137026
7.130947
7.098051
12.589599
7.136559
7.078176
7.045894
7.050307
7.102563
7.073431
6.737239
7.055076
11.110628
7.059985
7.145274
7.08185
7.099936
7.062144
7.128808
7.107138
7.030076
7.112657
7.107518
10.879426
7.162163
7.104279
7.091179
7.089007
7.043885
7.11539
7.053386
6.998288
11.70601
7.102117
7.073869
7.087718
7.139844
7.013066
10.6928
7.121987
6.982741
11.340192
7.067985
7.04345
7.005338
7.105748
6.993506
6.815679
6.998199
6.999243
6.88961
7.040821
7.079648
7.077557
11.269584
7.082994
7.140223
7.077952
7.09421
6.987765
7.155572
7.051837
7.054761
11.053891
7.095012
7.13063
7.095401
7.060736
7.036826
7.036342
6.932772
7.108428
7.064528
12.125609
7.045533
7.114652
6.937518
11.486268
6.970158
12.852016
7.098187
7.085432
7.093213
7.059171
7.082704
11.1385
12.684652
7.022797
7.124761
7.044521
7.100827
7.097244
7.148802
7.123449
7.121334
7.107814
11.709517
7.08053
7.195729
7.084804
7.093205
7.122533
7.100095
7.03943
7.173417
7.018326
7.08204
7.053743
6.856839
6.750492
7.08074
7.135091
7.038539
7.015359
7.103332
7.071335
7.098315
7.063693
7.089599
7.094705
7.082395
7.036365
7.066044
7.020625
7.10493
6.985057
11.807789
7.146094
7.107353
7.01038
12.136103
7.088184
7.108107
6.97166
7.155893
6.815062
7.082088
13.041259
7.041532
7.155939
7.1106
12.133253
7.1265
7.061621
7.073393
11.299343
7.11252
13.086679
7.135955
7.091411
7.031161
7.038103
7.079892
10.899613
7.043807
7.08378
11.079194
7.03404
7.007499
7.119327
7.098833
7.105782
6.97151
7.101604
7.163958
7.057339
7.101221
7.123252
7.028017
7.067813
7.10925
7.052319
7.087357
7.137555
10.787438
7.037861
7.077635
7.098576
7.093144
7.055919
8.763992
7.102714
7.071768
7.068534
7.070868
7.072598
7.092766
11.517434
7.075187
7.10973
7.121783
7.006998
7.116261
7.068443
6.993535
7.128601
7.126738
7.107598
7.132984
12.944902
7.241833
7.127791
7.106047
13.471891
7.024932
7.076985
7.079325
6.942317
7.067837
7.095899
12.127561
6.997641
7.034427
7.059608
7.157438
7.059216
7.023467
7.030994
7.126686
7.120433
7.041224
7.096525
7.110299
7.038255
7.080387
7.079317
7.087964
6.870961
7.032893
7.072742
6.899607
7.134434
7.107713
7.174667
7.038045
7.085555
7.051704
7.080057
7.120428
7.168147
7.115251
7.062961
7.085342
7.03463
7.02355
7.093863
6.935983
12.189688
12.506398
7.100436
6.997014
7.159126
12.105251
7.007957
7.142412
11.915214
7.122255
7.093195
7.039302
7.040455
7.050096
10.957765
7.100668
12.748255
7.074951
7.108199
6.946776
11.379176
7.043534
6.975284
10.781498
6.835911
6.992573
7.116255
7.111191
7.096645
6.870138
11.77999
7.066158
7.031219
7.073566
7.038036
7.031161
7.130818
7.113685
6.797483
7.058982
7.142965
7.150411
7.096208
7.051133
7.105952
7.080311
7.145533
7.090486
6.981776
7.056024
7.04421
7.028544
7.078644
7.094852
11.671955
7.101977
7.08062
6.952126
6.836331
7.102995
7.061397
11.25769
6.958745
7.067543
7.097072
7.068398
7.055384
7.152317
7.070457
12.707356
11.45562
7.218095
7.087476
7.124631
7.035232
7.137306
7.115942
7.091179
10.799232
6.898002
7.051613
6.980681
7.097314
7.032122
7.158883
7.122208
7.110522
6.994858
7.15146
7.108287
12.148008
7.102831
7.108977
6.942824
12.070011
7.068414
7.095645
7.082434
7.031587
7.133
7.072176
7.087828
7.130473
7.178058
7.097922
7.008529
12.260387
7.057129
7.141216
7.066193
12.61595
7.148899
12.803117
7.10055
6.992245
7.106352
7.059169
7.115467
6.92012
7.102944
7.176562
6.792942
7.157994
7.2814
7.106635
7.106089
7.09535
7.027832
7.063306
10.901996
11.742166
7.091699
11.757968
6.998921
7.128329
7.083849
7.132961
7.022992
7.052132
12.531862
7.08156
7.086966
7.08817
7.106784
7.129286
6.993282
7.09623
12.084433
7.112711
7.055527
7.112573
7.012214
7.085856
7.064316
12.604246
7.094328
12.831399
7.000718
7.107068
7.07725
7.159459
7.024752
7.104245
7.069027
7.136616
6.976789
7.094791
10.508896
7.103602
7.098506
7.059166
7.122674
7.074832
7.056939
7.050656
7.173989
12.557977
7.093998
7.105344
7.016283
7.093427
7.147056
7.068607
7.15243
12.593008
7.059406
7.042169
12.93135
11.763407
7.120442
12.812877
7.138059
7.054585
7.053749
7.090871
7.091024
12.235023
7.06103
7.110117
7.110036
7.097743
6.939529
7.107849
7.072383
7.039502
12.164933
7.056678
7.14233
11.697051
7.039542
7.102997
7.131115
13.051511
7.081308
7.08615
7.139033
7.115717
7.1116
7.088275
7.077028
7.085265
6.979918
7.020876
7.115717
7.157477
6.983764
7.107831
6.953268
7.142886
7.089355
7.118892
7.102578
12.082653
7.125671
7.157052
7.052623
7.158197
7.081235
7.124291
7.116032
7.099001
7.046445
7.06068
7.185655
7.090896
7.072272
12.340466
7.136081
7.096516
7.086769
13.169804
7.130433
7.036009
7.070683
11.910149
7.067343
7.104083
7.106137
7.086485
7.0854
6.951785
7.074859
7.069554
6.922948
7.061626
7.048525
11.31231
7.072286
7.039356
11.478261
7.106124
7.079852
7.084238
7.117141
6.955554
6.978101
7.059618
7.105102
7.014451
7.075407
7.041021
7.094446
7.146684
6.99732
7.134947
7.0998
11.883557
12.724543
7.069511
7.168146
7.117251
7.111552
7.094764
7.021946
7.090842
6.967351
7.093774
7.186585
7.056207
7.118066
7.083336
7.103972
7.054477
6.97774
7.069917
11.888845
12.249745
7.124523
7.088205
6.968443
7.105082
7.08374
7.086322
7.076651
7.129795
7.112081
6.972711
7.071001
7.117395
7.048764
7.082879
7.064841
13.439566
7.064061
7.11452
7.151369
7.10491
7.119367
7.046463
7.101354
7.087173
7.123419
7.090629
7.096524
13.509791
7.038548
7.078107
6.999715
7.108047
7.066504
7.074053
7.138796
7.119108
7.093842
11.91928
7.112135
7.065844
7.087269
7.133753
7.068455
7.089955
7.092529
12.82706
7.107665
7.102324
7.060226
7.106151
7.100827
7.08252
7.022083
7.111157
12.589226
7.109063
6.982316
12.681158
7.042078
7.108447
7.152884
12.830417
7.064084
7.111796
7.070111
7.107538
7.034075
7.053851
7.075896
6.867804
7.005733
7.003193
7.183313
7.088466
7.096442
7.085747
12.385128
6.916393
7.077795
7.096412
7.040501
11.26251
6.837948
7.093971
7.1708
7.075078
7.058276
7.094352
11.375292
7.131286
7.067029
7.051015
7.093408
6.958225
7.035481
7.08673
10.648719
7.111215
7.085615
7.12538
7.123178
7.081615
7.027381
7.058928
7.09403
11.58928
7.01934
7.082996
7.074779
7.105772
7.077256
7.086747
7.016335
7.114792
12.189011
7.088201
7.065791
11.45512
7.001323
7.140389
7.061107
10.750663
7.120929
7.074964
6.990393
7.096925
7.053647
7.076616
7.097574
12.080746
7.035454
7.013015
7.010916
7.066547
6.952934
12.78487
7.111928
7.02937
7.076828
7.116117
7.124228
7.08554
7.115541
7.127461
7.043386
7.007105
7.018715
7.064071
13.030317
7.124429
6.985247
7.063801
10.581692
7.099858
7.073998
7.139761
7.136538
7.0821
7.087508
6.970566
7.105867
7.059895
7.145381
7.081208
7.21543
6.769834
7.072363
7.11976
7.045949
7.11687
7.088045
7.134935
7.120066
7.070156
7.091083
12.14622
7.049714
7.102159
12.950286
7.01302
7.026682
7.10614
7.13241
7.060496
6.986477
6.965141
6.92422
7.080465
7.05765
7.083811
7.090092
7.079273
7.004249
7.051998
7.128959
12.637654
7.105386
6.998653
7.11106
11.695085
11.430116
7.086178
7.106275
11.441966
7.097396
7.037555
7.080919
7.154251
7.123456
7.066961
6.932726
12.172752
7.096728
7.016075
7.080588
7.118127
12.641199
7.096616
6.957572
12.876762
7.065645
7.115436
7.035592
7.113868
7.112577
7.133863
7.10824
7.008176
7.073967
7.092161
7.15056
7.01197
7.114523
7.061169
6.978168
7.085095
7.06483
7.057789
7.056449
7.069204
7.1167
7.044045
7.016157
6.941371
6.987747
7.104709
7.0953
7.138422
7.060331
7.043915
7.084644
7.060412
12.629267
7.033467
7.074555
7.081156
7.047025
6.974864
12.270291
7.092966
7.082543
7.140694
7.006189
7.12535
7.055697
6.977839
7.070843
7.044939
7.103785
7.140823
6.9652
12.917017
7.108896
7.118886
7.065577
7.085334
7.13113
13.116774
7.021925
7.08035
7.10081
12.179532
7.107022
7.150993
7.019102
7.061829
7.064901
7.130879
7.101151
6.966232
7.028322
7.047463
7.138172
13.05553
11.48183
7.085268
7.082961
7.01972
7.030516
7.059179
7.130366
7.139578
7.023756
7.179296
7.105106
11.664428
7.09225
6.937239
7.079155
6.780875
7.058178
7.172695
7.041343
11.859803
7.078223
7.03194
7.134072
7.097572
7.106245
7.021985
7.023458
10.313528
12.529947
7.068143
7.055555
7.067496
7.132236
7.02703
6.98384
12.61353
7.059951
7.061883
11.197507
7.075906
7.059795
7.085979
7.062371
7.095564
12.936659
7.090001
7.084519
7.101656
10.962834
7.160812
7.058574
7.09868
7.099206
7.024912
7.096704
7.11938
7.078316
12.703169
7.040184
7.094069
7.081636
6.961274
7.092931
7.010253
7.082981
6.961951
7.179654
7.070505
12.296255
7.125408
7.08849
11.568847
13.117582
7.134687
7.010822
7.033925
7.085779
7.045383
7.111598
7.099655
7.137399
6.999757
7.098291
6.989954
7.096213
7.126733
7.138122
7.110917
6.938056
7.115108
7.158841
7.183147
12.085798
10.351288
7.052129
7.066221
7.224004
7.064365
7.224766
7.133644
6.947764
7.030384
7.079093
7.134558
7.141107
7.056704
7.092097
7.094668
11.865226
7.059489
7.094837
7.134301
11.978419
7.048
7.116847
11.149546
12.376091
11.34466
7.077008
7.148309
7.107556
6.968151
7.161199
6.959708
11.632989
7.059209
7.117098
7.071545
10.976685
7.09396
7.114915
6.993086
11.735018
7.049316
7.10133
7.113934
11.152093
7.176792
7.147799
7.088425
7.089327
7.03798
7.072845
11.549786
7.129886
7.130162
12.306771
7.081968
7.087832
7.087622
7.134829
7.119299
7.086619
7.07328
13.383927
6.996353
7.033261
7.155863
7.056074
7.080285
7.140272
6.980106
7.00711
7.136911
6.963621
7.150614
7.127911
7.120682
7.093717
7.173074
7.096239
11.932355
7.072558
7.099848
13.041783
7.07956
7.075153
7.102371
7.263917
7.071689
7.109438
7.066993
7.130141
7.072709
7.109476
7.091787
6.989408
7.111838
7.103208
7.075232
6.974413
7.148505
7.047161
6.822266
7.081883
7.078802
7.117989
11.599685
7.055365
7.072725
7.08524
7.136019
6.953131
7.121041
7.120024
7.065684
7.043844
7.105725
7.133839
7.131654
7.077194
7.025611
11.163609
7.0801
12.022583
6.949486
7.088176
7.133317
11.116167
6.992075
7.13514
7.092196
7.033371
7.086576
7.111623
12.434112
7.046302
7.073982
7.096608
6.970994
7.14907
7.111764
7.076192
7.078756
11.966695
7.07613
7.11013
7.069739
7.119811
7.199672
7.036624
7.00154
7.091727
7.155748
7.089629
7.118298
6.988501
7.10038
7.075166
7.081718
11.784462
7.064325
7.066758
11.172841
7.054322
7.093775
7.228933
6.930682
7.066067
7.049056
7.004409
6.920247
7.1043
7.101541
7.116312
7.098857
7.056878
7.022386
13.254335
7.056295
7.009866
7.088099
11.479226
13.238575
7.135387
7.036846
6.942609
7.099544
7.087318
6.996645
7.128848
7.061044
7.079298
7.047141
7.080342
7.079966
6.923849
7.131646
13.446911
6.994519
7.149118
7.087592
12.433824
7.093444
7.080089
7.131093
12.884324
7.158322
7.19057
7.137459
7.143935
7.158955
7.070695
7.103003
11.955125
7.182416
7.009413
7.130603
13.034134
7.154635
7.090338
6.999464
11.8759
6.857497
7.042138
7.068565
7.024077
7.088758
7.099122
7.046664
7.090996
13.471807
6.973261
7.063883
13.061228
7.034453
7.095838
12.200731
7.08917
7.059891
7.056212
7.125819
7.116571
7.048984
7.083585
7.103366
7.120146
7.060465
7.090489
7.062608
7.17865
7.086912
7.090717
7.023045
7.174314
7.09593
7.091268
7.038742
7.027815
7.11915
11.126298
7.054776
7.058459
7.10939
7.104882
7.148341
7.130733
7.06481
7.03691
7.129579
7.056534
6.997816
6.939044
7.133158
7.104066
7.1118
7.130512
6.936832
7.12551
7.103178
7.077017
6.999616
7.088578
6.929103
7.116703
7.019983
7.092677
7.077917
7.111999
12.625456
7.124302
7.008167
6.927225
13.62282
7.115271
7.182299
11.154418
7.073148
11.433662
7.102586
11.226214
7.113064
7.106169
7.100202
11.204897
7.055274
7.06713
6.9735
12.743587
7.056475
7.04374
7.113911
7.077992
6.969448
7.078683
11.285677
10.577724
7.075627
7.048449
7.103463
12.438967
7.041776
6.911444
7.095359
7.117483
6.967181
7.115819
7.075611
12.0888
7.043146
7.067678
7.105632
7.168899
7.082132
6.986255
7.105893
7.114952
7.122896
7.102062
6.864356
13.165108
7.052891
7.095946
7.076179
7.174221
6.837335
7.079423
7.130499
7.045356
11.589897
7.080235
7.039533
7.112471
7.110072
7.071111
7.103234
7.10611
7.042662
7.090514
7.024762
11.816409
13.450273
7.172609
7.093835
7.032598
7.036667
7.156649
7.10605
7.124251
7.15232
7.089932
7.054036
6.942349
7.08667
7.121563
7.13311
7.067308
7.048988
7.096401
6.948963
7.06799
7.074835
12.395233
7.087515
7.108293
7.069371
7.00208
7.121402
7.034712
7.104632
12.368204
7.090033
7.060401
7.088053
11.762399
6.901447
7.110915
7.111775
11.567723
7.114341
7.101926
6.904138
7.04994
7.059659
10.865368
7.120881
7.156178
7.134094
7.106449
7.094024
7.07842
6.931424
7.084398
7.071711
7.113777
6.997753
7.101572
11.309942
6.962228
7.030047
7.096412
7.101142
7.033331
13.273655
7.070254
7.08608
7.083811
7.101277
7.091922
7.099264
6.99713
6.744788
7.063067
7.118585
7.157117
7.031472
7.09147
6.938497
7.104009
7.112672
7.083086
7.124124
7.037686
7.062494
7.080621
7.132508
7.100176
7.005576
7.020561
7.048035
13.25172
7.161988
7.122499
7.072726
7.033812
12.492504
7.075963
6.97103
12.536136
6.962857
7.045111
7.054624
12.321388
7.10737
7.07747
7.072681
7.08786
7.167289
7.060212
7.08828
7.094805
7.119084
11.53849
6.977955
7.052049
7.110022
11.843104
7.101739
7.10743
7.064541
7.100164
7.079285
7.13639
7.145228
7.126357
6.880076
7.111525
7.063618
7.018685
7.066761
7.057935
7.051214
7.111424
7.119884
7.061761
12.333737
12.156148
12.236123
7.128932
7.074052
11.396395
6.935584
7.0823
7.092944
7.093463
10.716566
7.118715
7.140339
7.116709
7.108776
7.095468
7.130289
7.100259
7.117436
7.065045
7.118311
7.126652
6.955911
7.142954
7.149283
7.110603
7.053294
7.026607
7.058695
7.169168
7.094251
7.011309
7.025816
7.110332
6.821021
7.103312
7.105803
7.082632
8.406715
7.106702
7.158761
11.902739
7.124438
7.100445
7.068865
10.845744
7.10587
7.073689
7.091397
7.044733
7.122307
12.493233
7.13091
6.995432
6.875431
7.087488
6.911765
12.441203
7.075868
7.06343
7.080185
12.54754
7.036319
7.10238
7.090317
12.047253
7.125927
7.079853
7.074005
13.005505
7.003719
7.103929
7.158228
7.063816
7.143699
7.104853
7.059705
7.1193
7.114768
7.066122
7.082578
7.135068
6.974028
7.071647
7.018559
7.088242
7.078569
7.115237
6.945623
7.107143
7.12272
7.08615
7.082815
7.096402
7.075937
6.990431
7.109632
7.015231
7.224306
7.1396
7.061798
7.094234
7.126973
7.010678
7.129814
7.106619
7.150356
7.154968
7.046726
7.167316
7.044323
7.205615
7.079561
7.106627
6.972278
11.283013
7.068444
7.129585
6.964269
10.850323
7.110811
7.076496
7.117989
6.975479
6.934259
7.117149
7.103236
6.975565
7.088211
7.091355
7.014808
13.172724
7.064409
7.080633
7.101872
11.383689
7.0543
7.077218
12.966906
12.33626
11.911763
7.054954
7.091431
7.093185
10.283614
12.109791
7.109831
6.950943
7.046094
7.122347
7.127603
11.686373
7.008341
7.12435
7.017344
12.737113
7.12423
7.101569
12.090225
12.684018
7.046588
7.090428
7.077673
7.014116
7.023256
7.042766
11.883331
7.058845
6.984599
6.892238
7.073613
7.0986
7.029999
7.076347
7.102983
7.003442
7.140722
7.080605
7.108498
7.027724
7.092185
12.356036
7.108694
7.100205
7.064363
7.024733
6.993819
7.053017
7.101828
7.14918
7.139886
7.087231
7.054243
7.128545
7.082559
7.099713
12.095521
7.072428
7.076097
7.089019
7.161519
7.165344
7.056188
7.001702
7.073662
7.179398
7.128242
7.110646
6.880148
7.002001
7.148702
7.174265
7.082956
6.955367
7.028322
7.165134
7.070402
7.124588
12.190559
7.092851
6.999118
12.8811
7.127727
7.020066
7.120996
7.072562
7.136919
11.776441
7.053973
6.802183
7.092333
7.07732
7.113143
12.226487
7.059873
7.098118
7.071519
12.54459
7.075556
7.088503
6.954506
12.254241
7.097289
7.084953
12.726618
12.525682
7.130442
7.105817
7.122162
7.114665
7.090546
7.04478
7.09135
7.041899
7.086269
7.085284
7.087821
7.075409
6.993792
7.119411
7.098799
7.058124
6.964809
7.193602
7.050302
7.094502
6.96622
7.090802
7.105917
7.151913
7.062506
7.068417
7.155909
7.142785
7.07572
7.041953
7.039334
7.136666
7.079885
7.089628
7.069197
7.096138
12.563902
6.965304
7.141465
7.10031
6.978273
7.178277
7.024694
7.073434
7.081252
11.986978
7.02795
7.126506
7.028525
7.124499
7.12228
7.095161
7.131275
12.003627
11.912058
7.098761
7.084184
7.131885
7.035589
7.133689
7.085007
7.089322
7.073822
7.0946
7.061908
11.287388
7.085383
7.112871
7.068822
11.92757
7.10689
7.050075
7.054933
7.156283
12.517308
7.079456
7.139157
7.026775
7.215565
7.085818
7.114029
7.072175
7.091266
7.093435
7.086432
11.636637
6.980579
13.239092
7.19258
11.798534
12.496585
7.089436
7.12566
7.124882
7.017676
7.120681
12.92393
7.176017
7.023513
7.109909
7.082678
7.091882
7.150689
7.100684
7.005789
7.132129
7.065478
7.113837
7.072996
7.076159
7.114886
7.078471
7.023906
6.990195
7.139847
7.081528
7.04809
7.107235
7.084232
7.045385
7.002769
7.094518
7.107593
7.084357
7.047506
12.531286
7.060392
6.974415
7.089689
12.044573
7.140346
7.087529
7.088385
7.121574
7.027828
7.184245
7.106013
7.105878
7.073059
7.0759
7.108653
7.123473
12.599319
7.074802
6.994401
7.042652
6.958972
7.114223
7.110493
7.088954
11.629714
12.307991
6.983271
7.066735
7.0996
11.495967
7.184842
7.091403
7.136499
7.156867
7.005965
7.120197
7.032617
7.086067
7.102069
7.187292
7.075692
13.032722
7.139319
7.051055
7.088824
7.134684
7.063365
7.068949
7.03558
13.021659
7.112952
7.090629
6.977907
7.124385
7.037437
7.081805
6.976461
7.084557
7.125398
7.116506
6.832661
11.619992
12.224468
7.078528
7.082223
12.117951
7.057214
7.162874
7.103947
7.006431
7.100757
7.093289
7.046617
7.093559
7.097604
7.202861
7.077979
7.092909
7.051901
7.028282
7.051452
6.958683
6.957018
7.093863
11.365314
6.924441
7.131704
7.065205
7.124925
6.998251
7.095624
7.071644
7.131828
7.063131
7.190091
7.037623
7.08842
7.031477
7.129127
7.126003
7.086064
10.418204
7.043929
7.055515
7.102153
12.705585
7.074025
7.094986
7.072857
7.114198
7.204523
7.099434
7.069572
7.130247
7.066841
11.260689
7.087514
7.086123
7.142723
11.557992
7.091394
7.088377
7.045232
7.106047
7.123459
7.094871
11.937238
7.013384
7.044678
7.067278
7.10623
7.154379
13.815953
7.089626
7.067665
7.131988
7.133614
7.119872
7.118107
13.107814
7.094035
7.09189
7.119548
7.107877
6.971519
7.106403
7.102047
7.061814
7.038159
7.034487
6.949199
7.095082
7.032781
7.053458
7.107829
7.165833
6.979389
7.147215
7.066962
12.713845
7.043383
7.083473
7.050401
6.985108
6.99757
7.103607
7.023782
7.039796
7.020219
7.082488
7.104517
6.978753
7.084929
7.094213
7.130508
12.998863
6.813198
6.93091
7.096539
7.121555
7.076206
7.068978
7.225813
11.622817
7.11801
7.110765
7.038306
7.073347
6.952386
7.12668
12.420373
12.297646
7.056016
7.016177
12.044419
12.809428
6.975731
7.058414
7.080595
12.33115
7.062318
7.1201
7.104668
7.096973
7.074888
7.081653
7.047362
7.159853
7.086715
7.150074
7.090215
7.096389
7.101371
7.065259
7.153378
12.167528
6.812243
12.542786
7.065991
7.122035
7.104935
11.878552
7.110717
7.100522
7.118837
12.442602
7.092648
7.123326
7.155755
6.992366
7.094418
7.146496
7.120012
7.073191
7.024869
7.03004
12.426999
11.945139
7.09333
7.093874
7.031516
7.088919
6.944923
7.070335
7.034895
7.116494
7.107052
7.082246
7.086135
7.104554
7.168402
7.044749
7.186512
7.024769
7.011284
7.064385
6.951139
7.041152
7.051076
7.117444
6.999234
7.047138
7.111092
7.125438
7.100162
7.04982
12.544701
7.102462
7.134844
7.169508
7.036579
7.094962
11.105079
7.117695
7.104243
7.093655
7.027617
11.438226
7.076628
7.09138
7.068204
7.04796
6.856227
7.144488
7.103025
11.215786
6.995007
7.034944
7.106047
7.096686
7.134642
7.018014
7.10382
11.568828
7.086938
7.120161
6.92696
7.146565
7.040682
7.075915
7.015374
7.173007
12.443839
7.012562
7.000644
13.16444
7.088198
7.076937
6.865524
7.195262
7.124718
7.157188
7.103927
6.934555
7.139859
13.118592
7.039317
7.034783
7.141808
6.996088
7.092907
7.164205
7.123362
7.020405
11.435192
7.08204
7.154464
7.042285
7.021056
7.105788
10.325498
7.167614
7.122893
7.078316
7.062412
11.968116
7.046122
7.074929
7.060086
12.875653
7.054186
7.099109
7.06256
6.944432
7.195653
7.099545
6.99275
7.011118
7.1406
6.950048
7.079131
7.075907
7.101075
7.068455
7.118359
7.072914
7.107511
7.145645
6.943579
11.967261
7.143332
7.116672
7.090226
12.732905
7.057171
7.050337
12.909709
12.056309
6.992988
7.119879
7.171695
7.009935
7.105722
7.088609
7.115018
11.366782
7.188716
7.003535
7.07666
7.037827
7.117428
12.818147
6.950125
7.093292
12.586868
7.029751
7.080294
7.083666
7.01143
7.049237
7.083417
7.097278
7.132169
7.078493
7.09567
12.486504
7.064212
7.104183
7.124457
7.023558
10.196434
7.057807
7.078305
7.127172
13.062219
7.106785
7.032483
7.10408
7.100657
7.168942
7.107634
7.156236
6.986754
7.0491
7.057931
7.101318
7.022613
7.07833
7.098944
7.065898
7.059034
7.079748
13.135675
7.115606
7.126708
6.772976
7.150161
7.086679
7.076919
7.190997
7.13681
11.290088
7.049056
7.007142
7.099325
7.163322
7.118826
12.285371
7.136613
7.179509
6.94966
11.56005
7.080633
7.019812
10.900822
7.07292
6.967355
7.053659
7.116714
6.866368
7.151085
7.07869
7.131111
12.848676
7.080826
7.048607
7.163352
7.1017
7.098365
7.096587
7.111266
7.044164
7.103459
7.112397
7.067149
7.119948
7.123767
7.07772
7.07183
7.145606
7.055745
7.099423
7.042335
13.173125
7.009942
7.123561
7.079494
12.91359
7.125996
7.093562
7.184134
11.70863
11.049406
7.07162
7.089552
7.084619
7.135216
7.128218
6.759147
7.24837
7.159318
7.121073
11.948712
7.105786
7.085941
7.065717
7.070449
12.653049
7.1273
7.169722
7.11508
7.149143
7.049407
6.987757
6.997864
7.142088
7.116593
7.086834
7.145146
7.104977
7.08125
7.078636
7.103931
7.094299
7.087539
7.049288
7.051642
12.608025
7.061921
7.079456
12.287167
7.101717
7.078873
7.054833
6.99414
7.106006
7.033952
12.715853
7.066051
7.081283
6.960858
12.941841
7.097064
7.098394
7.071322
11.182185
7.122326
13.496649
7.076404
11.56591
11.963533
7.079834
7.089508
7.047178
7.155305
7.159112
11.111413
7.105639
7.123812
7.137661
7.047529
7.053596
7.08706
7.090005
7.078212
7.091392
7.153607
7.156128
7.05535
7.205833
6.981305
7.134913
7.03063
6.93788
7.012578
6.977991
7.130317
7.095037
7.093639
7.039637
7.108791
12.869225
7.094511
7.10005
7.127965
7.091497
7.103293
7.041656
7.062328
7.079757
13.417402
7.065105
7.093777
7.138071
7.061328
7.089695
7.109761
7.099425
7.145361
6.930927
7.04367
11.748473
7.093254
7.061561
6.996396
11.964585
7.101384
7.116501
7.04133
7.044383
7.076346
7.175327
7.101145
7.117274
7.144939
7.018824
7.070718
12.966771
7.187172
7.109686
7.058691
12.911218
7.137481
7.072083
12.019738
7.079414
7.156353
7.060591
7.083466
7.029805
7.00157
7.140203
7.162206
7.112028
7.015158
7.121423
13.174945
7.106895
7.091608
11.869528
6.938959
7.055062
7.050214
10.229055
6.944972
7.116394
7.108247
12.381366
7.098131
7.016253
7.049839
7.123872
7.029811
7.105597
7.097731
7.064644
7.017075
7.05668
7.001718
10.873952
7.070126
7.121486
7.118109
13.381801
7.088388
7.135227
7.043324
11.702814
6.804267
7.07147
7.006522
7.031409
7.079637
7.068869
7.015119
7.255575
7.01408
7.012847
7.089115
7.095494
7.047604
7.113834
7.036658
11.548756
7.085892
7.136841
7.049153
7.001465
7.117635
7.157142
7.11687
7.053349
7.081083
7.007591
11.381013
7.055388
7.078584
7.079245
7.103133
7.173506
7.088875
7.139964
7.059578
12.719251
7.091857
7.095795
7.046423
11.260159
6.984602
7.03687
7.121821
7.108946
7.10647
7.095072
7.026766
7.114126
7.082188
7.071514
7.044776
11.566909
7.070483
7.164809
7.048932
7.117917
7.016027
7.106821
11.994734
11.676704
11.834393
6.965331
7.103932
11.87463
7.062886
7.142817
7.05051
7.067098
11.021533
13.245326
10.91918
7.114085
7.083331
7.081339
12.041904
7.125499
7.079002
7.017665
6.816277
7.109369
7.097438
7.100036
7.103092
7.095273
7.015001
7.038122
7.081427
7.093187
7.108612
7.127449
7.045831
7.12921
7.126507
7.119978
7.058208
7.075044
12.885044
7.004459
7.072905
7.08526
7.01116
7.078568
7.089228
7.103769
7.140337
7.056235
12.85596
7.037688
7.07245
7.06342
7.114489
7.119013
7.127047
11.904614
7.07178
7.089381
7.095813
7.123174
7.082575
7.091995
7.047601
7.091695
6.997761
7.096136
7.077836
13.008503
7.051707
7.113142
6.974165
12.413118
7.096962
7.055876
7.097124
7.079421
7.021813
7.102433
7.123346
7.08121
7.041778
7.082551
7.084378
6.893986
7.023531
7.069938
7.05779
7.079654
7.066484
11.681691
7.075529
12.04038
7.027714
7.094531
7.106268
12.00904
7.073831
7.081334
7.086845
7.126337
7.107877
7.082189
7.059336
7.152362
7.037018
7.061806
7.020164
7.110296
6.985638
7.047604
7.082122
7.117709
7.1611
7.163314
7.13078
7.042917
12.995142
7.09342
6.975317
7.11864
7.163414
12.49288
7.110631
7.059245
7.120095
7.076532
6.997714
7.118625
7.083764
7.048877
7.096424
7.083821
7.060717
12.364237
7.102078
7.037219
7.08193
13.085217
11.709909
7.056263
7.109879
10.886489
7.042946
7.105257
7.10898
11.267668
7.02122
7.122769
7.132587
11.576454
7.006816
7.085639
7.056628
6.997249
6.950485
7.110756
11.928327
7.088698
11.53786
6.979937
7.074655
12.846588
7.103066
7.072717
7.056037
9.939036
7.093885
7.116994
7.118039
6.942398
7.09872
7.012644
6.891965
7.142583
7.091572
7.102091
7.116109
7.087842
7.090088
7.077014
7.102314
7.067699
7.084886
7.060519
6.937463
7.100534
7.149647
6.982817
7.151031
7.090527
7.144621
7.063206
6.899057
7.11482
7.063102
7.040811
7.073839
7.105854
6.937015
7.071313
7.137401
12.226185
7.115338
7.108872
7.077936
11.430529
7.089653
11.548574
7.094281
7.12382
7.176573
7.05662
7.115427
7.107729
7.131032
7.09439
7.105479
7.111171
7.097339
7.055544
6.935681
7.076378
12.800822
12.511948
7.116459
7.09277
7.12216
6.965884
7.053179
7.111735
7.074259
7.065322
7.157615
7.086132
7.102813
7.13884
7.169481
7.126933
7.124424
12.305505
7.109565
7.111958
7.162423
7.168028
7.087099
12.387409
7.06206
7.252319
7.077367
7.083441
7.068815
7.059411
7.04797
7.099915
7.088626
7.155098
7.091296
7.083521
7.078439
7.090959
12.252725
7.090625
7.091205
11.632814
7.094503
7.119397
7.079173
7.106502
7.036377
7.073119
7.116358
6.982345
7.0346
7.030023
7.214194
7.108906
7.122007
7.033441
7.172039
7.088369
7.172216
7.1084
7.106802
12.676137
7.105804
7.090283
7.0792
7.047075
7.080154
7.059355
6.98938
9.140222
7.013188
7.036098
11.278777
12.675985
12.45666
7.065288
7.118203
7.088821
7.053581
7.094206
7.095895
11.573634
7.05387
7.092206
7.0902
7.093688
7.137525
7.09821
7.130511
7.068388
7.042706
7.148635
7.112905
7.098504
7.106341
13.068618
7.141793
7.061981
7.15751
12.728147
7.080168
7.097267
7.144554
7.120603
7.105538
7.124897
7.071164
7.061369
7.088837
7.079748
6.923313
7.125733
7.079588
7.104282
7.067364
7.074358
11.431059
7.093968
7.079439
11.613494
7.096633
6.966538
7.154746
6.996836
7.070697
7.135523
6.819841
7.079287
7.08566
7.007161
7.117863
7.098894
7.187867
7.063211
7.078107
7.074242
7.054348
7.056678
12.71107
7.074603
7.081308
7.112378
7.055368
11.087191
7.028626
7.105619
7.086047
7.190419
7.146018
7.070359
10.848207
7.139654
7.111742
7.096143
7.11217
7.066597
7.189351
7.050228
12.382772
11.817761
7.223174
7.07181
7.115418
7.109388
7.04725
7.11121
7.108586
11.18865
7.029314
7.066339
6.99974
7.054725
7.128199
7.106674
7.114442
7.104156
14.271119
7.1027
7.153262
10.709752
7.076458
7.109129
7.154525
13.355592
7.080411
7.042345
7.169669
7.138891
7.119484
7.123998
7.118986
6.961468
7.214125
6.974376
7.149502
7.114598
7.133689
7.141876
7.000588
7.073807
7.036562
7.110256
7.088026
7.073729
7.08969
6.93311
6.975249
7.126403
7.10551
7.122536
7.175645
7.115898
7.111716
10.885335
12.639689
7.088194
7.086978
11.648012
7.102709
7.082751
7.019041
7.154158
6.821041
7.094214
7.059482
7.099946
7.078335
7.080314
7.014195
7.102231
7.126855
7.225862
7.079257
12.340663
6.996492
7.142885
7.06256
11.375675
6.959833
7.066727
12.240243
7.04689
7.07732
7.119935
7.1088
7.108989
7.05018
6.8623
7.072728
16.992445
7.110487
7.129359
7.072497
7.106733
6.965679
7.088534
7.129375
11.467524
6.921718
7.068691
7.002835
7.110011
10.079431
7.081103
7.008051
7.045464
6.966972
7.103673
7.109077
6.974025
7.077718
7.049056
7.044752
11.132815
7.043674
7.060792
7.091485
7.122042
7.154854
7.107646
7.067969
7.080459
7.096771
7.097744
6.973911
7.128669
7.157041
7.065021
7.013485
7.065519
7.080712
7.106074
7.083462
11.675809
7.03859
7.083572
7.189887
7.133515
7.128909
7.097403
7.185661
7.102592
7.139201
7.038492
7.143848
7.099375
7.078962
6.935422
7.021584
7.119276
7.049206
7.19457
7.042413
7.115127
6.959967
13.176754
7.057442
7.092875
7.012869
7.079366
7.046553
7.110535
7.084316
7.049123
7.062557
7.113638
7.05418
7.0976
7.04146
7.088318
7.105166
7.113787
12.449686
7.110561
7.122133
11.743278
7.081418
7.017139
7.141238
7.10139
7.083648
7.072843
6.965328
7.047558
7.145522
7.173641
7.112796
7.11045
7.126308
7.094149
7.10645
12.015728
7.110217
7.097759
7.057471
10.930807
7.064754
7.075281
7.105755
7.103162
7.054287
7.14485
7.044995
7.080553
7.081945
7.147051
7.083667
7.13684
7.066527
7.077171
7.032959
7.08987
6.992125
12.528264
7.017767
7.125781
6.977596
7.062314
7.079239
6.949018
6.973088
7.101919
7.093448
7.081796
7.047118
7.092774
12.680555
7.099058
7.134952
7.019407
7.070496
6.842211
7.13192
7.103763
7.100027
12.884857
7.080893
7.12221
7.053448
7.106714
6.983249
6.972175
7.047784
7.054139
7.149464
12.270451
12.056298
7.076445
7.075619
7.079764
7.050636
12.027474
6.893597
13.0289
7.039904
7.153613
7.132816
11.623664
12.425371
7.110171
7.125525
7.092668
7.060411
7.061401
7.071279
6.991796
7.159799
7.071964
7.125081
7.063836
6.958164
7.171452
7.075839
7.097269
12.377653
7.057236
6.969063
7.140039
7.045849
7.12271
7.108679
7.090354
7.136413
7.062013
7.13885
7.028223
7.034275
6.971071
7.074361
7.118526
7.11624
7.042351
7.10418
6.969083
7.108328
7.090763
7.051289
7.089988
7.135041
7.102137
7.093124
7.069713
13.168308
7.047951
7.002355
7.073142
7.118144
6.916941
7.165815
12.597316
7.081439
7.052595
7.016633
13.089206
7.118122
7.032831
7.080233
7.094624
7.080026
7.164583
7.16262
7.071681
7.0039
7.118055
7.088808
12.099415
7.14428
7.061022
12.367199
7.110751
7.060328
7.089019
6.987941
7.047349
7.092805
7.115211
7.101115
12.590293
7.049554
7.026172
7.061448
7.049554
7.056495
6.962986
7.130886
7.122087
7.168099
12.459308
7.131851
7.023741
7.158112
11.884972
7.099449
7.087526
7.098353
7.118413
7.095241
7.078461
7.064892
7.168013
7.079777
7.162416
6.98848
6.907623
7.103634
7.089483
7.034687
7.076937
12.5141
7.093678
7.069787
12.517923
7.083578
7.099028
7.107417
7.114162
7.053289
7.100383
7.092675
7.108823
12.407495
7.076818
7.109583
7.151799
7.069791
7.159484
7.083462
7.085622
7.097071
10.53792
7.05474
7.049409
7.102952
7.071159
7.160755
7.075576
6.986927
7.016813
7.12755
7.026886
7.044063
7.181724
7.159055
7.126398
7.201707
7.077962
6.950367
7.158244
7.104209
7.083056
7.119618
13.421812
6.958783
7.072415
7.140407
7.101306
7.088383
7.081568
7.108177
7.036684
7.104262
7.088867
7.067964
7.093388
7.045291
7.128009
7.079778
7.113215
7.07923
7.121579
7.141637
11.690358
7.143173
7.13879
7.050393
11.447453
11.197599
6.982031
7.008012
9.631858
11.71885
7.103693
7.153194
7.076715
7.080473
7.120535
7.076316
7.087423
7.136267
7.105076
12.90743
7.075646
7.016705
7.094675
7.064344
7.095757
6.975395
7.113385
7.089873
6.99365
6.995539
7.14964
7.032805
7.058772
7.103835
7.096703
7.088183
7.090799
7.054866
7.038115
7.081642
7.093007
11.594089
12.016164
7.073444
6.888001
7.058588
7.07255
7.051229
7.087688
7.050281
7.108
7.115331
7.110624
7.240663
7.155039
13.084571
7.094721
7.066301
7.106721
7.030768
7.168751
12.154893
7.155781
7.12915
7.147317
6.907599
7.050426
7.0435
7.137865
7.140426
12.477218
7.082356
7.124577
7.035886
7.056963
7.067363
7.072959
7.096364
7.130244
7.099322
6.849511
7.13566
7.162737
7.218114
7.138412
7.133777
7.111353
7.088766
6.973273
7.068707
7.064797
7.086176
7.125395
7.10047
7.095706
7.104103
6.962018
12.653115
7.07441
7.084839
7.117661
7.123725
7.021967
7.106185
7.046982
6.960899
12.221936
7.053723
7.045532
6.860922
7.087654
7.068973
7.123123
12.277376
7.10018
7.079426
7.081113
10.875656
7.09365
7.110635
7.049163
11.286654
7.121625
7.12219
6.979212
12.072936
6.993726
7.106008
7.153577
7.066599
6.957117
12.403332
7.076864
7.084533
7.091041
7.089034
6.958108
7.098007
7.12363
7.034358
7.094949
7.125112
7.111642
7.001188
7.095662
7.101189
6.873478
7.008566
7.085005
7.106979
6.912274
7.007167
7.073919
7.050865
6.889173
7.106224
7.097854
7.108233
7.076805
6.964111
6.996324
7.121057
7.08059
7.016145
6.95521
6.938323
6.973155
7.033891
7.167691
7.098845
11.391594
12.345131
7.024781
7.078903
7.042344
7.102752
6.821723
7.121314
7.095178
11.79347
6.956122
7.161156
6.948647
6.948031
7.081785
7.089626
7.132046
11.533158
7.139217
7.103527
7.029136
7.089888
7.113244
7.061653
7.053822
7.064732
7.110725
7.091006
12.780827
11.276643
7.089672
7.031999
7.090349
6.824184
7.056384
7.144624
7.123003
7.174927
7.092295
7.146187
7.019444
11.14829
7.08023
7.09089
7.067488
12.390178
7.068243
7.114949
7.099036
7.102674
7.058854
11.572538
6.800747
7.085654
7.153408
7.111147
7.066038
6.993704
7.120462
7.119735
7.126853
7.103722
7.057921
7.116252
7.130594
7.076932
7.085842
12.764588
7.13163
7.087978
7.066666
7.035696
7.136592
7.158207
7.0126
7.122668
12.22834
7.050007
6.937625
7.128723
7.090228
7.101373
6.993979
7.089915
7.088443
7.099097
10.932295
12.888564
12.03898
7.091359
7.034144
7.105138
11.239632
7.082495
7.029262
7.115221
11.254252
7.060125
6.933377
7.103865
7.040785
7.008976
7.094883
7.056339
10.856602
7.108918
6.995669
6.943396
12.607903
7.126863
7.073296
7.038675
11.761888
7.083744
7.089052
7.030089
7.083958
7.058845
7.103747
11.554203
7.082796
7.167345
7.122235
7.13191
7.015385
7.134763
7.092549
7.122883
12.875576
7.091401
7.062486
7.01384
7.119568
7.082008
7.073922
7.004953
7.037679
7.097302
7.108934
12.838543
7.091719
7.146051
7.041418
7.128954
7.025306
7.092846
7.106438
11.938556
11.679369
7.085398
7.072218
6.997956
11.115888
7.09721
7.143857
7.144216
7.097659
7.153589
7.025655
7.054483
7.03216
6.937331
7.080065
7.000444
7.027494
7.077884
7.072917
12.149795
7.179843
12.04421
7.123052
7.012468
11.65745
6.94792
7.122964
7.041901
12.027659
7.109712
7.061512
7.140533
7.161171
7.019259
12.333556
7.025471
7.067239
7.045324
12.047006
12.520931
7.083076
7.014442
7.007002
7.178917
11.545566
6.968429
7.103016
7.110152
7.108245
7.034891
7.089487
6.989259
7.11593
6.967798
7.097988
6.982834
7.093677
7.065105
7.053685
7.040255
7.064553
6.995875
6.944736
7.099504
7.093014
7.065795
7.057428
7.00263
7.094986
7.131168
7.120592
7.046825
6.808183
7.096141
7.097492
7.14053
7.072695
7.081777
7.09968
6.968865
7.105441
7.11704
7.087794
7.081465
7.154861
13.50578
7.108884
7.011421
6.919528
7.110616
12.950143
7.090913
7.075254
7.105085
11.99483
7.09576
7.10983
7.03041
7.002639
7.017178
7.087942
7.163747
11.231996
6.992488
7.065676
7.193523
7.120981
7.093315
6.989204
7.09181
7.06255
7.14737
7.105867
7.193013
12.459086
7.027398
7.084499
7.054338
12.489609
6.997141
7.078298
12.982519
7.065281
11.713413
7.088519
7.049701
7.16255
6.929266
7.094615
7.055128
7.109932
7.134705
7.09354
12.876333
7.070034
7.075696
7.114814
7.053747
7.076844
7.146411
11.710084
7.115364
7.103672
7.02584
7.116734
7.077532
7.02
7.091134
6.918262
7.140833
7.059101
7.103997
7.134423
7.119743
7.101613
11.944384
7.103468
7.048128
7.118868
7.083879
7.138579
7.089632
7.079179
10.902052
6.769543
7.083
7.160465
7.08451
7.147876
7.118928
7.126325
7.047177
7.071473
7.118013
7.056585
7.132261
7.056081
7.167953
7.070188
7.131834
12.808949
6.983967
7.11706
7.077752
7.110967
7.087627
7.081094
7.067636
7.035881
7.108814
7.088834
11.865859
7.076215
7.123673
7.07496
7.102137
7.088065
7.059678
7.082531
6.92307
12.56286
12.063372
7.100038
7.011408
11.587685
7.151476
7.13678
7.089309
7.092891
7.054322
7.086694
7.031644
6.996285
7.056876
12.047865
7.079444
12.18932
7.074808
7.075083
6.847675
12.552395
7.134079
7.078656
12.166311
6.940904
7.135419
7.11718
7.099467
6.999976
7.053397
7.099778
6.986486
7.037982
7.140317
7.130436
7.083408
7.126051
7.039612
7.051387
6.998921
7.104655
7.101776
7.159431
7.103494
6.860019
7.038188
7.002024
7.100786
7.090714
7.075948
7.008495
7.073545
6.942301
7.159405
11.2551
7.103928
6.982788
7.12242
12.806021
7.034799
7.114679
11.792779
6.996611
7.095404
7.087259
7.110066
7.038042
7.022539
7.048101
7.073404
12.57733
7.109318
7.05324
8.935725
7.033189
7.056481
7.104392
7.103893
12.234192
7.067224
7.023985
7.100158
7.064927
7.099284
7.108766
6.964831
7.044765
6.987376
7.079812
7.086883
12.519422
7.13148
7.083458
7.092733
12.069375
6.980769
7.102454
7.142549
7.150358
7.048374
7.021399
7.071204
7.020854
6.96347
7.037004
7.068778
7.097921
7.053382
7.074334
7.087655
7.02481
7.103392
12.006162
7.148919
6.902539
7.052021
7.042446
7.076543
7.135475
7.02441
7.072719
7.030311
7.063135
7.045433
7.126275
7.142728
7.084595
6.963144
7.047802
12.30572
12.433744
7.075506
6.918204
11.737171
11.702969
6.963564
7.14087
7.117403
7.087738
7.150723
6.946314
7.089544
7.110075
7.058498
7.059027
7.075111
7.123049
6.870364
7.208025
7.153988
7.116354
7.103025
7.071799
7.080872
7.080288
7.062775
11.74677
6.974216
7.069787
7.114096
7.101744
7.148943
7.074885
7.124553
7.076791
7.143517
7.103692
6.948194
11.774244
7.106565
7.124095
7.018231
11.809365
7.09791
7.089585
7.096269
13.122351
7.077366
7.079376
11.92593
7.109878
7.086044
7.060124
7.115795
6.993348
7.134952
7.025094
7.11109
6.966855
7.112516
7.064844
7.116789
12.477759
7.080665
6.999521
7.09639
7.141611
6.994031
7.10436
7.09989
7.085444
7.093075
7.096307
7.070882
7.034511
7.127229
7.089467
7.151811
7.149912
7.034939
7.110427
7.041525
7.057333
7.104902
7.149392
7.075567
7.099205
7.089808
7.144917
7.079852
6.992131
7.076377
7.053752
6.863063
7.082197
7.093443
7.101557
7.119164
7.052796
7.190494
11.074489
7.032009
7.088702
7.132645
7.146552
7.100591
12.624339
11.2426
7.086717
7.110802
7.104857
7.010582
7.04471
11.787993
7.043807
12.783816
11.184439
7.153006
7.068758
7.11492
7.063656
7.130292
7.082707
7.07268
7.150849
7.101612
7.009817
7.174579
7.131779
7.076725
7.104154
7.001396
7.102002
7.007161
7.077875
7.102081
11.94506
7.07454
11.033206
7.082753
7.098709
7.132831
7.044186
7.112182
7.029428
6.916441
7.070019
7.074088
7.108649
7.077547
7.112553
7.094328
7.036326
10.284
7.118555
7.050618
7.050553
7.102335
7.0762
7.156673
12.86322
7.15778
7.018914
7.071588
7.124796
7.109902
6.934387
7.007137
7.143972
7.1196
7.10438
7.102859
7.053018
7.004261
7.087428
7.146013
11.609531
7.036422
7.080775
7.087911
7.06166
7.12139
7.107955
6.985206
7.03765
7.068977
7.06518
7.116728
7.133803
12.067695
7.042343
7.092406
7.095595
7.096283
7.090103
7.130633
11.595911
7.056187
7.115447
7.052426
7.063665
7.139973
7.116006
7.118612
12.630905
6.994342
7.117611
12.006197
7.045592
7.058525
7.026632
7.135148
7.094107
6.991491
11.919422
7.113607
7.101271
7.125472
7.076681
7.097403
7.046573
7.094985
12.837352
7.104506
6.946782
7.10816
7.091229
7.07965
7.066764
6.829966
7.199285
12.696391
7.00373
7.036511
7.107949
7.002207
7.169397
6.977764
11.618243
6.953739
7.176792
7.003228
7.117105
7.11142
7.011767
7.069813
7.087643
7.161148
7.071772
7.074532
7.147975
7.148233
7.096685
11.56392
6.984257
7.079027
7.081415
7.104883
7.094603
7.148312
7.07646
7.116477
11.834014
7.082296
7.097012
7.001956
6.976977
7.124402
7.076109
7.064247
7.096199
10.975368
7.084251
7.034541
6.941995
7.122407
7.123193
7.129141
7.116232
7.047855
7.037119
7.107645
13.164078
7.079033
7.085742
7.106522
12.7246
7.08742
7.120647
7.103364
6.949198
12.543573
7.074659
7.091976
13.554014
7.036568
7.002453
7.058726
10.873134
7.086159
7.100354
7.187263
7.066174
7.023219
7.056669
7.060965
11.71072
7.079237
7.077506
7.086915
7.220263
6.947401
7.126442
7.032424
7.164541
6.910215
7.118304
7.115999
7.131795
7.125105
6.95044
12.309527
7.130223
7.137978
7.125179
7.123589
7.098661
6.972352
7.108708
12.816634
7.125993
7.070964
7.133099
7.042895
7.140959
6.985107
9.17471
7.082601
7.002265
7.062571
11.035294
7.114935
6.816833
7.162229
7.10279
7.080895
7.132454
7.09937
7.106311
6.955056
6.998187
7.048029
11.250938
7.137753
7.12825
11.886678
7.026399
7.118306
7.118983
7.103438
7.154165
6.986204
7.062156
7.053522
7.099322
7.11745
7.113919
7.080289
7.14234
7.04748
7.162323
7.180876
11.393425
7.098765
7.107519
7.058212
13.656642
7.090913
7.101983
7.090912
12.006725
7.220936
7.107266
7.114683
6.925486
7.120069
7.079564
7.164153
7.135874
12.662051
7.180951
7.113158
7.085472
11.177413
7.066163
7.046385
13.36273
7.103579
7.069522
7.022608
7.074533
7.040088
7.163791
6.971999
7.133239
6.939315
7.106785
7.062947
6.975116
7.073011
7.051843
7.036216
7.157173
7.108266
7.125501
7.140737
11.979107
11.665547
7.118414
7.048297
7.110819
7.082319
6.944252
7.079285
7.089253
7.084086
7.112955
7.112175
7.149923
7.098823
7.132359
7.031234
7.107834
7.092287
6.998332
7.053761
7.112439
11.893052
7.120003
7.074053
7.097476
7.108143
7.100621
10.842933
7.128105
7.116278
7.092497
6.99781
7.087921
7.052977
7.138727
7.058883
7.085818
7.120522
10.934443
12.570902
7.091653
7.11808
7.041144
7.070145
12.636524
7.092974
12.670238
6.997513
7.036344
7.110927
13.066206
7.036943
7.072927
7.123822
12.364675
7.068437
7.066032
7.116324
7.091955
7.126583
7.078205
7.098522
12.130429
6.943558
7.149249
7.082606
12.479304
7.092843
7.110963
7.017215
7.120924
7.090657
6.999554
7.077244
7.099648
7.045432
7.042388
7.159653
13.101295
7.035758
7.107294
7.002264
7.075089
7.046092
7.101772
7.092864
7.143391
7.018188
7.099123
7.074789
7.004333
7.050292
7.153586
7.094796
7.062421
12.020065
7.103312
7.079807
7.117872
12.008744
7.071685
7.047716
12.353992
7.067484
7.138745
7.08985
7.101438
7.050407
7.102458
7.100541
7.302836
7.134246
7.136896
7.040944
7.08281
7.031343
7.078464
7.150567
7.092219
7.174146
12.36885
7.100144
7.02854
6.954399
12.207369
6.930978
7.104166
7.186424
7.09585
7.093562
7.124001
7.094581
7.053933
11.56388
7.123263
7.052763
11.477036
7.127292
7.047567
7.068426
11.106552
6.911097
12.583088
7.108518
7.161956
7.016003
7.105428
7.064094
7.084568
6.967856
7.006641
7.119163
7.162448
7.140538
7.078625
12.374063
12.105098
7.049255
7.092745
7.048367
7.003268
13.349484
7.09273
7.07646
6.975147
7.18748
6.976998
7.119379
6.984179
7.097994
7.060989
7.101452
7.089053
7.109233
7.09605
7.129954
7.152177
7.058316
7.057776
7.048045
7.099202
7.004807
7.138075
7.071502
6.95526
7.131074
7.044644
7.103786
7.087827
7.107003
7.127542
7.00396
12.448211
7.043337
7.057685
7.001385
13.193183
7.118112
7.056025
7.088464
12.110314
7.081657
7.092177
7.091661
12.864017
7.076949
7.17259
7.102306
7.063195
6.906101
6.965939
7.103641
7.090923
10.790645
11.866292
7.123026
7.042948
7.069606
11.61446
7.031908
11.948872
7.089865
7.056524
7.099399
7.092295
7.090148
11.085653
7.067573
7.012406
7.024044
7.131543
7.128447
7.046569
13.068877
7.087306
11.226688
7.061556
7.027816
12.670794
7.028927
7.132057
6.992737
11.36066
7.099718
7.084219
7.12236
7.029762
6.930065
7.117577
7.075674
7.083825
6.929683
7.057473
7.087375
6.985327
7.089663
7.085979
7.032686
7.060846
7.110093
7.080763
7.148904
6.743449
7.056003
6.99605
6.996664
7.13353
7.087347
7.112793
7.023506
6.811819
12.175699
7.12806
7.075971
6.951821
7.081275
7.124965
6.997772
12.548747
7.124192
7.102057
11.452527
12.839576
7.145863
7.124587
7.041916
6.970831
7.118324
7.093781
7.017528
6.967225
7.067883
7.026183
7.074616
7.076687
7.170195
7.080713
7.076514
12.049219
7.074681
7.058369
7.124968
12.624391
7.086169
7.029539
7.108075
12.704564
7.133471
7.085155
7.09791
7.076921
7.059122
7.044301
7.158905
7.090914
7.108559
13.268757
7.107101
7.032649
7.143254
7.052352
6.989165
7.043446
7.061839
7.046327
13.246311
7.075231
7.103824
6.929078
6.990968
7.00341
7.114754
6.820828
7.072918
7.079354
12.599124
7.1098
11.850584
7.068929
7.036433
7.098177
7.116591
7.243397
7.104923
7.081024
7.079724
7.078888
6.991923
6.998692
7.137415
6.97096
7.096908
11.706047
7.023704
7.071842
7.121803
7.124075
7.011113
7.119056
6.925471
7.075961
7.152235
7.088912
7.116655
6.921756
7.125155
7.041641
7.035066
11.180506
7.053359
6.956588
7.134807
12.476893
7.13315
7.070058
7.07627
12.210144
7.079656
7.094923
6.933794
13.18231
13.114936
7.114645
6.646938
7.059403
7.035283
7.095462
7.145611
12.926502
7.112963
7.071183
7.080257
11.68917
7.082772
7.107065
7.054565
11.462172
7.128314
7.113057
7.095139
7.079767
7.121687
7.080796
7.124602
7.072707
6.990592
7.148672
7.076142
7.089355
7.092417
7.004625
7.169826
7.118182
7.052351
9.293803
7.102387
7.101051
11.517999
11.384324
7.136995
6.997074
7.080541
7.142592
7.053059
7.097457
7.121019
7.00865
7.065633
7.053256
7.114701
7.071856
7.150716
7.009099
6.808471
7.060943
7.108421
7.087475
7.104285
7.131508
7.075633
7.081882
7.166762
6.929769
7.08712
7.029184
7.10459
7.097953
7.096401
7.049572
7.107319
7.116322
12.448118
7.083004
7.142028
12.454262
7.042087
7.047865
7.078374
11.29929
7.104368
7.098729
7.044736
7.103043
7.114642
7.134802
6.992628
7.127547
7.095125
11.595268
12.300547
12.472387
7.085369
7.042464
7.097698
11.925792
7.08725
7.075758
7.03043
7.109923
7.201271
7.09952
11.277414
11.635323
7.175806
7.09441
7.016384
7.069788
7.074846
7.08196
6.99827
11.580159
7.088908
7.054453
7.123409
7.116372
7.065325
7.038112
7.044318
7.023389
6.949997
7.093266
7.0996
7.163971
7.053922
7.018886
6.995309
7.11167
7.089376
7.069125
7.034535
7.109384
7.063664
7.125929
7.093187
7.124542
11.656629
7.128499
7.094843
7.11244
7.096773
7.096952
6.953206
7.094389
7.108414
7.120303
7.074023
7.0586
7.078751
7.167887
7.030284
7.101127
7.079644
12.30443
7.056304
7.106842
7.073563
11.180109
7.063594
7.076061
7.048867
7.090725
7.105717
7.105185
7.159439
12.94147
7.201256
6.954106
7.078357
12.989992
7.213366
7.098211
7.175244
7.103296
13.006605
7.087816
6.97767
12.108395
7.080068
7.125603
7.082894
7.173647
7.098102
7.104091
7.076506
6.948053
7.080843
10.828791
7.088925
7.090197
7.143612
7.066585
7.097525
11.304704
7.030153
7.111484
7.086509
7.060269
7.088456
7.123248
7.073811
7.180328
7.083871
7.111403
12.271101
6.966025
7.023587
7.115799
7.145191
7.070669
7.076121
7.072757
7.10851
7.036899
7.058248
7.113863
7.084663
7.062752
7.090467
7.100722
7.033531
6.911807
7.092942
6.954832
7.058963
7.017714
7.09751
7.089999
7.000324
7.106802
7.146956
7.091657
7.076802
12.071305
6.819754
7.12657
7.08351
7.129436
7.113517
7.089128
7.161911
7.092775
7.096422
7.18185
7.117276
7.10777
7.03942
6.984669
7.146648
7.107749
7.122857
10.296157
10.899409
7.11971
6.979203
7.084097
7.070773
7.093175
7.078896
7.088424
7.009366
7.10785
7.123461
7.077812
7.113339
11.408347
7.043282
7.101844
7.150119
7.133328
7.145346
11.065154
12.897368
7.110197
7.124295
7.078721
7.112676
7.028784
6.983344
12.092532
12.40411
7.082588
7.08207
6.97041
7.115854
7.145203
7.185111
7.03498
7.118034
7.094641
7.144398
7.075488
7.075402
7.042062
7.092907
7.085702
7.09666
7.07862
7.117005
7.00113
7.106668
7.059452
7.003916
7.114009
6.825286
7.11812
6.975675
7.053027
7.118844
7.078807
7.001223
6.917126
7.089366
7.084004
7.049449
7.073874
12.516685
7.08711
7.109677
7.132825
7.097936
7.095477
7.067041
7.044847
7.072794
7.132225
7.074562
7.001125
7.104589
7.093404
7.084598
10.746144
7.100942
7.137081
7.053096
14.187703
7.058471
6.972825
7.089873
7.118579
7.082704
12.606515
7.06988
7.103831
7.124233
7.04657
7.092026
7.095863
7.049402
7.137605
7.084374
7.071508
7.186089
11.619286
7.078379
7.095006
6.920163
7.114108
11.618413
7.049583
6.987923
7.031413
7.132262
7.109818
7.163914
7.121399
7.012022
7.104867
7.106982
10.9601
7.146334
7.065449
11.427955
6.982905
7.107044
7.108439
7.169361
7.031259
7.132108
7.140763
12.237879
7.096483
7.071047
7.08538
7.17461
7.082263
6.779613
7.036719
7.168718
12.018785
7.098247
7.063585
7.094021
7.128295
6.980718
7.003929
7.099138
7.085655
7.06803
6.90423
7.111132
7.06084
7.162055
7.082881
7.075101
7.028448
7.086513
6.995756
13.354067
12.73547
7.135295
7.063355
7.068639
7.098894
7.074119
7.051692
7.111963
7.047208
7.062704
7.124853
7.096292
11.712206
7.132553
7.155831
7.074725
12.056054
7.072628
7.048092
7.088167
11.147175
7.073011
12.121513
7.213207
7.130602
7.098761
7.095259
7.148446
7.071884
7.020369
7.087463
7.093442
7.098775
7.052841
7.063843
7.060922
7.073019
7.125679
7.062775
7.187571
7.172367
7.065808
7.187999
7.068163
7.03824
6.962311
6.885285
7.118574
7.078765
10.904049
7.170058
7.047656
6.99011
11.638852
12.96277
12.32372
7.100185
7.044523
7.115004
7.132722
7.101465
7.11381
6.94146
7.098466
7.088125
7.137021
7.068217
7.054428
12.409645
7.090048
11.725329
7.097273
7.10125
7.061293
12.250836
7.058715
6.983889
7.037683
12.280435
7.162105
7.131444
7.046909
7.132358
7.174544
7.137634
7.052205
7.068929
7.073653
7.054512
7.092904
10.887557
12.821903
7.05425
6.933264
7.031403
7.117588
7.099696
7.083204
6.9572
7.055094
7.107711
7.082656
7.152021
7.110492
7.078093
7.135341
7.069685
7.137423
7.118998
7.101465
10.953981
7.033374
7.042578
7.206221
7.090063
7.137749
6.989121
7.099062
7.026547
12.834017
7.117179
7.060679
7.031751
7.106223
7.113977
7.06436
6.978007
13.095038
7.094317
7.088439
12.059914
7.118208
7.123553
7.148417
7.063412
7.036385
7.160119
7.056473
7.09984
7.035387
7.095903
7.03465
7.0925
7.107813
12.18676
7.169707
7.066956
7.155745
13.142027
7.028792
7.112837
7.087401
11.767793
7.032529
7.131875
12.616503
7.180903
7.069423
7.136283
6.994858
7.066974
7.096896
7.040572
7.051745
11.14923
7.017436
7.13706
7.072994
11.191274
7.12427
7.126167
7.092661
7.15029
7.079934
7.1017
7.088531
7.056329
7.127244
7.085706
7.089821
7.145865
7.103915
7.032426
12.658244
6.968312
7.105902
7.104084
7.108714
7.088756
7.103343
7.10332
7.093725
7.060752
7.066049
7.096345
6.95432
7.135613
6.979644
7.108213
7.004311
7.05869
7.118563
7.114028
7.153271
7.065987
7.126409
7.110413
6.981691
7.099452
7.053958
7.095224
7.164893
7.033207
6.958668
7.104633
7.14624
7.061906
7.085721
7.086409
11.507079
12.391219
7.059567
7.118161
7.037287
7.058633
7.13572
7.117326
11.753761
10.5147
7.143259
7.03455
7.23434
7.069622
7.153913
13.045148
7.122291
7.145891
11.131742
6.999936
7.101204
7.032258
12.48569
12.591204
7.16506
11.640144
7.117042
11.739783
7.034638
7.166632
7.104269
12.772693
6.969049
7.08496
7.045794
12.755646
6.981386
7.141719
7.161614
7.105947
7.133883
7.075333
12.414674
7.092683
7.074584
7.082507
7.050833
13.102395
7.031042
7.044484
7.109194
7.046355
7.144612
7.098606
7.125079
7.096265
7.101063
7.17178
7.105024
7.062712
7.053267
7.121663
7.083587
7.089355
6.985827
7.075221
7.047339
7.099497
7.061036
7.046257
7.057684
7.100692
7.112297
7.10747
7.094722
6.944108
12.258287
7.0652
6.951713
7.140378
7.168234
7.122367
6.950162
7.048607
7.091668
7.121508
7.086764
12.828465
7.119693
7.057358
7.115886
7.132889
7.072561
11.834634
7.120394
6.979378
6.858062
7.045482
6.950168
7.169362
7.066509
7.070719
7.092702
10.683081
7.12349
7.111711
14.987359
7.088478
7.134206
7.127095
7.089396
11.566753
7.092479
7.057107
6.997295
11.897079
7.051018
7.110463
7.05608
7.035103
7.124073
12.677217
6.991437
7.065227
7.119721
10.826024
7.102268
7.102599
7.115972
6.983624
7.041849
12.515427
7.13965
7.203642
7.114621
7.091286
7.083595
7.191785
7.1128
7.169032
11.998758
7.180858
7.162594
7.074036
7.091148
7.111161
7.133287
7.043807
7.111751
7.177191
7.100463
7.043587
7.060595
6.990083
7.035738
7.093191
7.081883
7.084422
7.034387
7.086217
7.015463
7.087695
7.136481
7.181669
7.067778
7.086618
7.080168
7.131529
6.987568
11.550685
6.963388
7.087957
7.054285
6.760109
6.999138
7.091534
7.08423
12.057205
7.058951
7.042739
7.17133
7.085235
7.157042
7.116978
7.064399
13.190961
7.08801
7.100288
7.076275
12.577441
11.263016
12.126485
7.085523
7.094563
7.076194
7.077052
7.105428
7.042508
7.137077
7.108548
7.074133
12.396517
7.117637
7.100003
7.103335
11.515219
7.098441
7.037761
12.309359
7.133449
7.046853
7.080842
7.032292
6.993118
7.137806
7.121156
7.118582
7.118427
7.097339
7.136703
7.144535
7.154239
6.983111
11.49524
7.058437
7.073482
7.043498
12.301653
7.154868
6.959662
7.111082
7.120711
12.599633
7.080745
7.075406
7.175109
6.974614
7.066966
12.897485
7.034004
7.216488
7.094063
7.116803
7.143936
7.110674
7.035042
7.031528
11.877198
7.158361
7.079619
6.964242
7.109597
7.0812
7.164711
7.023869
7.197044
7.145233
7.131496
7.166773
7.023447
7.123877
7.066774
7.074328
10.28033
7.139919
11.756549
7.094239
12.612169
7.078154
7.045136
7.025037
12.056391
7.152024
7.121341
7.122127
7.02374
7.061976
7.123662
11.757426
10.951765
7.012288
7.074125
7.046755
11.417128
6.995161
7.108664
7.121122
12.302512
7.133894
6.987003
7.054347
12.021529
7.080281
7.047367
7.077836
7.109695
7.107142
7.136959
7.067188
6.920585
7.113989
7.142823
7.129083
7.049261
7.153456
7.071729
7.069598
12.396415
7.0997
7.109964
7.038363
7.118325
7.06598
7.073854
7.173596
7.041635
7.119984
6.980746
7.024575
7.122986
7.084412
7.091346
12.606955
7.113447
11.437865
7.096229
11.487998
7.057009
7.123135
7.028125
7.100719
7.09969
7.084488
6.968386
7.067622
7.057531
7.120289
11.701229
7.094223
7.129055
6.986072
11.980334
7.072365
7.055716
7.128151
12.778848
7.118758
12.895881
7.051015
7.029513
7.1218
7.086849
7.096231
12.381059
7.101448
7.247979
7.018927
12.207035
7.137911
7.079619
7.124119
12.738576
7.053301
7.091811
7.05659
7.10979
7.029841
7.098135
7.165996
7.088518
6.893196
7.122418
7.112528
7.096909
7.097534
7.094418
6.978768
10.842664
11.860612
7.105784
7.100198
11.530427
7.147543
7.071818
7.01999
7.192357
7.036183
7.107265
11.938013
7.097468
7.157177
7.079892
7.103297
7.021201
7.20087
7.125731
6.996247
6.95483
7.019513
7.158431
7.119827
7.069684
7.121863
7.09573
6.986474
7.036591
7.006897
7.087007
7.068066
7.157574
7.089959
7.733161
7.185642
7.14235
7.115708
6.943377
7.07538
11.212001
7.007711
7.079839
7.120551
14.427626
7.111583
7.104264
12.904757
7.060542
11.836353
7.08604
7.116238
7.144707
11.704868
7.122511
7.064968
7.084985
7.08305
7.083899
11.21338
7.100003
6.932166
7.071711
7.134784
7.115617
7.072656
11.686885
7.126902
7.081433
7.073004
12.401051
7.023969
7.153968
7.061623
7.056521
6.878742
7.038185
7.070685
11.25446
7.113984
7.067994
7.056337
11.295669
7.097697
7.098343
7.077643
10.143638
6.856841
7.126135
6.978292
11.817638
7.082539
7.068378
7.070889
7.080784
7.143614
7.099213
7.09334
7.090929
7.01604
7.137197
7.079685
7.066224
6.988226
7.110549
7.033787
7.079002
7.013887
7.081891
7.081711
7.147891
6.909475
7.063125
7.09471
7.09412
7.054302
7.150597
6.983847
7.047441
7.037123
7.11363
13.461188
7.119462
7.057688
7.105342
7.049099
12.22761
12.273299
7.092229
7.111214
7.069478
7.065534
7.14769
6.926917
7.108482
7.026166
7.090107
7.138809
6.979737
7.017004
12.291958
6.962598
11.642928
7.078405
7.102484
7.034365
12.274615
7.123967
7.093426
12.923398
7.102474
7.104215
7.115041
7.100588
6.969239
7.156205
11.761951
7.098442
7.107822
7.14626
10.80457
12.636731
7.088758
7.132371
7.09117
6.959163
7.061317
7.036786
7.113575
7.120398
6.895125
7.044389
7.003974
7.112842
7.080106
7.071211
6.992916
7.048633
12.496829
7.150953
6.989351
7.114249
7.046578
7.073414
7.1059
7.065086
7.157229
12.837621
7.090525
7.099845
7.024548
12.389091
7.057876
6.984984
7.124073
11.899543
7.076057
7.085292
7.012194
7.075101
7.080131
7.07972
7.084184
11.587687
7.12831
6.993051
7.057387
7.087169
7.151176
7.118095
11.536629
7.113119
6.991381
6.985712
7.118159
6.925294
7.116959
7.122829
7.139005
7.037676
7.119255
7.093818
7.110433
13.088457
7.093377
7.072751
7.089599
7.045415
7.071999
6.980061
7.162766
6.95469
7.018355
7.132172
7.095789
7.08252
7.092294
7.036103
7.122464
7.00639
7.080504
7.08974
7.125526
7.04503
7.088534
7.111376
10.804088
7.095837
7.174212
7.063175
7.088184
7.16316
6.991423
7.032111
6.815561
7.140959
12.204153
7.092312
7.089628
7.069446
7.029402
11.380329
7.068073
12.12859
7.002518
7.102329
7.06694
11.537253
7.060742
7.108112
7.105382
7.037248
7.060498
7.102312
6.998429
7.081861
7.106358
13.237437
7.095498
7.078487
7.185222
13.033126
7.018256
7.08744
7.103325
7.060582
6.951843
7.159028
7.107928
7.146528
7.162835
7.139791
7.069619
7.050986
7.071459
7.085532
7.135478
7.104287
7.138992
12.100304
7.080152
7.137036
6.834685
7.17255
7.113482
7.129935
6.955612
7.046031
7.07579
6.962864
7.141528
7.112143
7.065956
7.080419
7.205409
7.062047
6.908939
12.756816
7.06172
7.122217
11.990351
12.578935
7.0623
7.085826
7.089663
6.9793
7.132559
7.137837
7.147281
6.985823
7.071011
7.094622
7.061307
7.067976
7.061109
7.067989
7.065213
12.441461
7.114089
7.125358
6.992291
12.790938
7.188684
7.095124
7.111331
13.04603
7.127603
7.122226
7.060317
7.104054
11.616076
7.096571
7.12613
12.093842
7.14731
7.103328
10.484738
12.645257
7.112999
7.109558
7.153953
12.196251
7.117995
7.077621
7.11388
7.142814
7.083214
7.132351
7.020639
7.11543
6.965763
7.030358
7.097527
7.071411
7.0912
7.120864
7.057485
12.931715
6.914612
11.809013
7.15947
7.109131
7.070299
11.4509
7.089133
7.086205
7.064853
7.063292
7.129108
7.143622
7.102767
6.995269
7.026869
7.118351
7.112855
7.073904
7.036546
7.118472
11.251524
11.921908
7.076005
7.063928
7.065418
7.153444
6.986043
7.107133
7.144436
7.075409
7.098446
7.098084
7.135667
7.039064
7.079989
7.103082
6.913997
7.114117
7.114248
7.120637
7.0461
7.051503
7.139392
7.085501
7.065518
7.088909
7.126314
7.09291
7.068528
7.153088
11.284307
7.064479
7.026539
7.051239
7.061344
7.10051
7.006415
12.832713
7.107696
10.567735
7.078153
12.988114
7.104971
7.107039
7.137633
12.851916
7.067109
7.107488
7.025611
13.36392
7.09419
7.002191
11.470888
7.120101
7.124704
7.130405
7.096317
12.176382
7.085233
7.131887
7.058238
13.300012
7.079841
7.127446
7.056589
7.066743
7.151967
7.120442
7.112138
6.974461
7.112515
7.128373
7.162647
7.095995
7.048825
7.087639
7.096046
11.472958
7.053147
7.167448
7.06526
7.104491
7.118008
7.116571
7.086186
7.15578
7.005344
6.874851
7.151994
7.073104
7.099987
7.008081
7.110367
7.104703
11.24166
11.963063
7.108524
7.145207
7.141407
10.871833
7.072602
7.108049
7.091345
7.087839
7.079561
7.079959
7.00062
7.143631
7.098415
7.076135
7.091386
7.050774
7.076282
6.95173
7.168725
7.108216
7.11718
7.049308
7.053113
7.040256
7.115433
7.091337
7.080357
13.11242
7.088836
7.083287
7.092879
7.185963
6.889157
7.099886
7.078065
12.110593
6.993293
7.104913
7.145792
12.307262
7.140122
7.064455
6.859383
12.329422
12.446775
7.137698
7.123505
7.169706
7.068174
11.441653
7.108999
7.068073
12.10117
7.146054
7.0511
6.975077
6.867724
7.148477
12.841023
7.070289
7.05487
7.094179
7.145757
7.141447
7.097359
7.037649
7.115349
7.123183
7.097197
7.053148
7.116328
7.06479
7.125508
7.102102
7.121648
7.122411
7.078771
6.951019
7.047279
7.089236
6.880822
7.063631
7.138381
7.078886
6.987063
7.139868
7.10532
7.168569
7.132157
7.095145
7.098738
7.032647
11.927038
7.09047
6.962549
7.072111
6.949284
7.13326
7.158527
12.400859
7.062972
7.020233
7.121293
7.086844
7.106751
12.217891
7.164072
7.099562
7.079466
7.103549
7.091875
7.066598
12.623668
7.10045
10.978324
7.09426
7.104862
11.995416
7.154952
7.083264
7.170845
12.34309
7.108196
7.054356
7.099533
7.02845
7.079958
7.153577
7.134671
7.176019
7.132686
7.042725
7.012733
7.113267
7.082735
7.080313
7.058353
7.134219
7.078908
7.088409
7.130321
13.63202
7.072808
7.056278
7.048694
12.165675
6.984697
7.101181
7.061199
7.091824
12.404636
7.065346
7.081409
6.99409
6.993463
7.093366
6.986577
7.090767
7.138158
7.089477
12.822343
7.050755
7.111936
6.923636
7.084738
6.952225
7.106283
7.136623
7.016562
7.10841
7.089476
7.104724
7.110348
7.089859
7.023
7.111602
7.084908
7.065544
7.067563
7.028299
7.051405
14.927585
7.106595
7.161491
6.981702
12.669851
7.149969
7.164728
7.17087
7.106822
7.09431
7.01523
7.09741
7.062978
6.991488
11.615195
7.057595
7.036943
7.06676
7.053849
7.074771
7.097086
7.07429
12.683192
6.976274
7.03951
7.139312
7.091785
7.14368
7.080154
7.059945
6.947968
7.09258
7.103002
12.396254
7.059106
13.416899
7.11077
7.05839
7.108819
7.027116
7.051052
7.141657
7.039319
7.130128
7.126011
7.039684
7.113682
7.09421
6.98916
7.058113
7.103868
7.13172
7.099364
7.105283
7.146431
7.044435
7.094784
7.066503
7.05829
6.806321
7.065814
7.101429
7.068953
6.993884
7.063812
6.983096
6.97432
7.05465
7.015569
7.09176
7.030894
7.084026
7.047277
7.020189
11.721935
7.091736
7.104906
6.96012
11.958692
7.112159
7.085751
6.968782
7.108079
7.091304
7.196729
7.067068
7.044277
7.153997
6.983828
7.120833
12.318382
7.111524
7.123397
6.999585
12.914134
7.132378
7.167836
7.065566
12.421751
7.064172
7.123364
7.07673
7.078519
6.983331
7.109869
6.998221
7.079329
11.111864
7.116553
7.052287
7.100903
7.050875
12.006799
11.666199
7.063643
7.09681
10.62388
7.21706
7.03684
7.101956
7.11198
7.104512
7.127566
7.129029
11.79369
7.138419
7.076458
7.08572
7.123977
7.069557
7.234931
7.071514
7.090741
6.89146
7.074018
11.930475
7.082093
7.12975
7.117265
7.020768
13.067075
7.131751
7.139153
7.102778
7.152588
7.032886
7.138839
7.040922
6.962817
7.129324
7.078243
7.123692
7.120322
7.151896
7.106743
7.112486
7.07966
7.090949
7.116702
7.097421
7.087195
7.093308
7.099953
6.957173
6.997145
7.062186
6.962357
7.104854
6.932116
7.146277
7.05865
6.950262
7.089896
11.991288
7.104493
7.087617
7.097138
7.041518
7.03914
7.102842
11.610277
7.118835
7.05964
7.07144
6.96646
7.073659
11.740927
7.054597
6.930071
7.135243
7.113951
7.077516
11.892909
7.079718
7.012614
7.159127
11.244767
7.120723
7.143397
7.109069
9.68565
7.105479
7.109556
7.041398
13.394162
6.865778
7.083718
7.03197
7.110659
7.055769
7.069123
7.135538
7.069082
7.069903
12.105583
7.100097
7.060233
7.018589
7.17527
11.986463
7.115844
7.082939
7.068954
7.097943
7.05922
7.138808
7.090647
7.07237
6.998854
7.125339
6.952345
7.040426
7.112081
7.042899
11.267692
7.109612
7.054606
7.140437
7.074935
6.92493
7.065322
11.740495
6.991737
6.951073
7.11292
7.109761
7.117065
6.930744
7.041969
6.921117
11.601465
7.090555
7.084961
6.984907
7.068781
7.093438
7.078146
7.069471
13.493159
7.065968
7.051767
7.087204
7.118121
7.116244
7.086945
7.025464
7.160522
7.003708
7.116131
6.97742
12.752893
7.1379
7.148985
6.825558
12.10478
13.261533
7.127194
7.030734
7.083594
7.099123
7.095395
6.899977
6.963871
7.131044
7.156803
7.076994
6.901685
7.020642
7.057138
7.101342
11.887328
7.08547
13.189888
14.091658
12.92465
7.138658
7.08619
6.995862
7.075751
7.167621
7.083319
11.541406
7.135742
7.091821
7.076422
7.051887
7.074557
7.143439
7.075514
7.120212
7.147683
7.162791
11.451959
7.052921
7.071967
7.036142
7.067721
7.101328
7.084936
7.105201
7.087887
6.949445
7.063443
7.036117
7.11187
7.11015
7.080408
7.07607
7.06405
13.054825
7.1196
6.98951
7.083728
7.072603
7.150919
7.179538
12.363681
7.102116
7.038607
7.022996
7.042617
7.14135
7.12482
7.124414
7.095468
6.906043
7.094198
7.104507
7.156856
7.13651
7.065203
10.742918
7.117855
7.127698
7.14734
7.091007
11.943241
6.978654
7.097982
7.125305
12.403926
7.133541
7.187143
7.159961
7.029578
7.113008
7.171085
7.140662
7.049792
7.14265
7.072803
7.069822
12.784791
7.113193
7.102074
7.133078
7.081611
7.074886
7.095426
7.100716
11.383135
7.056766
7.077223
7.091391
7.105001
7.163938
7.104433
7.115169
7.09334
10.748375
7.085163
7.101599
11.604664
7.058669
7.133723
7.03685
11.602213
7.091133
7.093842
7.129768
7.034161
7.106067
7.171087
7.109971
7.055883
7.053893
7.054984
7.04955
7.072972
6.99442
7.102385
7.173723
7.119014
6.991225
7.150453
7.094788
7.085607
7.086318
7.133917
7.116617
7.098354
6.916309
7.066849
7.154124
7.104353
7.039853
11.950336
7.121356
7.081787
7.091895
12.645991
7.07418
7.080538
7.059534
13.974545
7.063872
7.057431
7.179516
12.951629
13.373451
6.93009
6.956656
7.109635
7.033005
7.015915
7.013412
11.084778
7.057421
7.074057
7.18677
11.208057
7.063988
7.109314
13.061169
7.078282
6.993929
7.086739
7.11527
7.160228
7.077979
7.040517
7.102201
7.052556
7.158149
7.099296
7.098728
7.169519
6.987141
7.06259
7.146736
11.588372
7.021635
7.092099
7.024992
6.94979
7.07821
7.07387
6.98351
7.112274
7.032118
7.074215
7.043153
7.010019
7.082386
7.048963
7.089973
7.109138
7.075469
7.145447
7.134043
12.479076
12.422378
7.118964
7.100083
7.189441
7.117403
7.110393
7.00946
7.021686
7.016225
7.092796
7.150075
7.143092
7.092262
7.079727
7.105257
11.080333
7.012054
7.031061
7.116392
7.112623
6.934843
7.027684
7.065556
12.350971
7.072564
7.070919
7.240757
6.945366
7.09562
7.102916
7.129968
7.056998
7.051201
7.111506
7.035501
7.080107
7.087272
7.015574
7.114073
7.075466
13.26094
12.116457
13.088357
7.116258
7.113546
11.63491
7.129198
6.965571
7.071652
12.4984
7.082016
7.027267
7.117848
7.057171
7.056533
11.873016
7.146782
13.494665
6.974719
7.101019
7.078985
12.070188
7.10986
7.056254
7.087512
12.662344
6.796749
7.078835
7.065007
7.027286
7.091657
7.099773
7.080764
7.110394
7.054543
7.06748
7.099209
11.980715
12.947856
7.124556
7.124539
7.068549
7.116461
7.062409
7.104096
6.905702
7.102421
7.090592
7.122321
7.145807
7.120003
7.011833
7.039246
6.985518
7.013779
7.124083
6.993572
7.118452
7.115048
7.088581
10.499482
7.094545
6.977598
7.023199
7.110251
7.136187
11.622034
7.061391
6.984366
6.855062
7.096585
7.081925
7.043935
7.044455
7.065923
7.061815
7.050559
11.875963
7.106513
7.082638
6.987972
7.149192
7.120481
7.065441
7.130924
11.965242
6.989078
6.977157
7.103376
7.165518
7.093159
11.400753
7.132471
7.095576
6.970542
12.480614
11.234984
7.084853
7.140268
11.702584
7.059362
7.137708
12.266011
7.08648
7.094572
7.160001
7.122596
7.138711
12.132728
7.079973
7.119805
7.02326
7.081888
7.040621
7.104141
13.151026
7.122662
7.066008
7.015034
7.117323
7.128318
7.124001
7.125546
7.136353
7.121993
7.114852
6.922648
7.109067
7.092422
7.054841
12.056591
7.048464
7.10048
7.108817
7.001535
12.419062
7.034624
7.148143
7.127435
11.806802
7.085206
7.07407
7.014004
7.099485
7.020108
7.086264
6.994009
7.083163
7.00748
7.08466
7.139764
7.141061
7.107776
7.052661
6.97825
7.071005
6.971757
7.093562
7.11084
11.990788
7.037289
7.085697
6.998528
12.306665
7.119221
7.151853
12.541399
12.187962
7.035725
7.086422
7.092753
7.089802
7.067294
7.126872
7.100816
11.230555
7.071095
7.097393
7.127797
7.086151
7.109782
12.815866
7.099395
6.901926
7.094857
7.096467
6.94356
6.993989
7.088412
7.092145
6.997992
7.055551
7.085952
11.704497
7.077263
7.082366
7.068703
7.091407
7.145984
7.080403
7.073958
7.070356
7.098727
7.06508
7.077397
7.0227
7.071787
7.095731
7.009486
7.157314
7.098234
6.848154
7.209226
7.09384
7.120109
7.062024
12.926896
7.064455
7.089725
7.15185
7.125955
7.092239
12.809362
7.120214
6.985944
6.929503
7.131447
7.071209
7.124616
7.028779
7.159111
11.399756
7.068383
7.06511
7.067901
7.103411
7.155358
10.509748
7.077048
7.052174
6.975928
13.018449
7.075011
7.101647
7.10587
7.119007
7.142388
7.10522
7.003039
7.052597
7.056229
7.081496
7.124616
12.376591
7.107339
7.156731
7.099278
7.064308
6.937099
7.065199
7.078421
7.106184
7.132318
7.073063
7.039879
7.026923
6.997096
7.056901
7.169389
7.121662
7.15787
7.156308
6.977576
11.124484
12.825749
7.024689
7.08679
12.336264
7.139405
7.099706
7.094586
11.339949
12.416534
7.054127
7.021112
6.864616
7.054757
7.091791
6.96069
6.924782
6.9333
7.002554
7.199534
7.084995
7.047376
6.995053
7.054103
7.112379
7.052416
6.980371
7.11121
7.097827
6.954305
7.093193
7.1076
6.973524
7.061271
7.150316
7.067549
7.109633
7.172446
7.126394
7.046203
7.062963
7.124402
11.902027
7.107041
7.124275
7.104745
6.974392
11.745154
7.03409
7.028479
7.000581
7.109313
7.088719
7.048466
12.586511
6.881469
7.07201
7.104266
12.081665
7.263089
7.06088
6.941152
12.351224
7.121207
11.92819
12.452291
12.986798
7.119549
7.111771
7.033881
7.159927
7.020414
7.090777
7.05429
7.110702
7.149011
7.113089
12.017812
7.119143
7.150959
7.090632
7.05328
7.053302
11.930497
7.089374
7.130422
7.131676
7.158945
7.059662
7.102047
7.113794
7.05464
7.136216
6.810973
7.096678
7.120351
7.032372
6.93608
11.005914
6.987896
7.104863
7.125315
7.173432
7.042121
7.07299
7.135235
7.098557
7.003085
7.133446
7.017562
6.944545
7.13611
7.072315
6.844969
7.030916
12.417818
7.17392
6.945933
12.238972
7.076011
7.122792
7.090661
13.179296
7.137121
7.056096
12.25145
7.139796
7.077027
7.138001
7.225022
7.097292
7.033454
7.023939
7.065344
7.136214
7.12775
7.152696
7.09066
7.015299
6.984755
11.672236
7.125181
7.094246
6.94775
12.404147
7.047342
7.110446
7.111158
7.111486
7.037054
7.119648
7.067546
7.184901
7.094374
7.017724
7.059883
11.635132
7.112187
7.097707
7.113717
13.268987
7.122423
7.086249
7.100514
11.604211
7.114613
7.138388
7.014201
7.054381
7.120337
6.96973
7.058161
6.900854
7.052701
7.153325
7.104167
10.745366
7.088729
7.102537
7.184017
12.114983
7.021569
7.115666
6.982415
13.385256
6.939557
6.994572
7.092081
7.103522
7.090666
7.105219
7.128877
6.821183
6.957378
7.025432
13.16773
7.082608
6.946312
7.099969
7.046343
11.950369
7.097097
6.98364
7.04692
7.101094
6.988415
7.116254
6.981361
7.88682
