2.933736
3.142341
2.868953
2.476406
2.475077
2.500064
2.474388
2.474323
2.470101
2.456151
2.474883
2.476382
3.09498
2.456482
2.452172
2.459424
2.476327
2.461413
3.008933
2.460198
2.472196
2.976213
2.459851
2.46495
2.908201
2.485714
2.461945
2.47394
2.468948
2.454418
2.473626
2.476589
2.46347
3.082341
2.458244
2.454741
2.474692
2.463072
2.488162
2.461762
2.461447
2.941792
2.479576
2.46515
2.801051
2.469807
2.465177
2.457535
2.459679
2.972673
2.453881
2.456255
2.455943
3.131865
2.477586
2.460282
2.953036
3.065558
2.483254
2.458587
2.834474
2.847669
2.464111
2.463977
2.455958
3.136552
3.064689
3.05872
2.460416
2.467678
2.485512
2.466574
2.459625
2.460614
2.478113
3.003041
2.456703
2.498596
2.456277
2.96452
2.452779
3.153556
2.471747
2.770044
2.469979
2.458566
2.470747
2.470264
2.48767
2.470198
2.918916
2.472099
2.461535
2.983737
2.854348
2.465638
2.459684
2.454663
3.081863
3.025409
2.45344
2.454656
2.474535
3.017898
2.455834
2.453436
3.035194
2.854539
3.028768
2.471771
2.460419
2.475626
2.465694
2.465828
3.001743
2.461638
2.450469
2.464795
2.943537
2.463094
2.477106
2.465257
3.128483
2.460738
2.463541
2.454132
2.963975
2.468796
2.460053
3.007513
3.082538
3.160922
2.478199
2.475371
3.068433
2.482366
3.01648
2.474291
2.491295
2.462439
3.181877
2.468772
3.090763
2.464847
2.460407
2.482665
3.114252
2.455473
2.472844
2.470711
3.011119
3.153139
2.445563
2.461194
2.467087
2.946529
2.457711
2.465361
2.446205
2.468231
2.449054
2.470049
3.121352
2.860559
2.490854
3.108912
3.012621
3.065761
2.485418
2.464726
2.462401
2.476963
2.472811
2.476649
2.897362
2.972961
2.469639
2.459319
2.472979
3.115239
2.457335
2.470961
3.092076
2.938709
2.462052
2.464743
3.096145
2.458943
2.465329
2.463666
2.916674
2.910989
2.458276
2.447509
2.47695
2.466657
2.464636
2.467265
2.473259
2.801996
2.466244
2.45921
2.455548
2.464493
2.47248
2.458242
2.847958
2.474552
2.466541
2.447736
2.960738
2.462293
2.465428
2.45806
3.04323
2.449559
2.468909
2.475529
2.464246
3.129728
2.480738
2.460082
2.474005
2.476196
2.456443
2.459746
2.883746
2.968863
2.949234
2.474689
2.467942
2.966468
2.469083
3.001366
2.46242
2.467675
2.484304
2.867293
3.136613
2.467422
2.864555
2.451938
2.474815
2.470577
3.059575
2.45809
2.471564
2.496612
2.993779
2.467666
2.469659
2.487266
2.881043
2.857635
2.474769
2.475576
2.455396
2.924192
2.465233
2.99529
3.030251
2.916207
2.462266
2.460927
2.453599
2.468748
2.459923
2.504695
2.873288
2.450395
3.184945
2.473535
3.045461
2.47298
2.449984
2.467111
3.090149
2.464657
2.452172
2.479137
2.764191
3.145585
2.456973
2.475171
2.475516
2.492805
2.46446
2.459267
2.464233
2.841231
2.468487
2.450779
2.922267
2.985616
2.468162
2.457266
2.463533
2.477539
2.46961
2.464408
3.134712
2.462871
2.454935
2.487706
2.849065
2.982643
3.153192
2.466356
3.086876
2.471343
2.453386
2.896338
2.951094
2.448907
2.476119
2.462296
2.981153
2.947179
2.454363
2.446109
2.919767
2.461565
2.460817
2.467947
2.452659
2.460435
2.467288
3.079526
2.883292
2.456158
2.998993
2.468549
2.975273
2.451854
2.459363
2.45306
2.808242
2.469708
2.571596
2.471472
2.756869
2.466393
2.451324
2.466065
3.016111
3.077391
2.476362
2.459927
2.461476
2.444543
2.469749
2.474132
2.463194
2.948984
2.470607
2.48988
2.461697
2.467776
3.006865
2.465695
3.084318
2.968173
2.453747
2.475824
2.471807
2.869596
3.108954
2.46026
2.468981
2.469064
2.477019
2.480308
3.065708
2.460301
2.459677
2.460168
3.118242
2.464739
2.472386
2.467115
3.010995
3.023339
2.459886
2.490298
2.451707
2.463164
2.472016
2.467503
3.251932
2.867595
2.479142
2.959498
2.473228
2.759496
2.455807
3.060627
2.463239
3.080176
2.451111
2.480741
2.667166
2.947698
2.47562
2.466686
2.462903
2.473154
2.456251
2.811325
3.159228
2.471747
2.979647
2.472488
2.452508
2.460381
2.461127
3.213073
2.464639
2.463112
3.223286
2.949306
2.457341
3.072106
2.456513
2.831029
2.450733
2.482036
3.034369
3.119046
2.461924
2.766214
2.909511
2.464845
2.456416
2.467919
2.458373
2.979575
2.465497
2.467294
2.456738
3.23276
2.466221
2.476217
2.474488
2.992426
2.467754
2.449049
2.919645
2.489168
2.457001
2.474809
2.463566
2.46505
2.462022
2.463289
3.081342
2.831031
2.467252
2.450913
2.740475
3.231817
2.977416
2.457629
2.955436
2.476448
2.467371
2.458457
2.934116
2.489918
2.452855
2.491328
2.465474
2.477481
2.73902
2.455609
3.032785
2.474771
2.471095
2.465835
2.465463
2.920428
2.458333
2.466207
2.993411
3.067456
3.073132
2.465997
3.059489
3.02608
2.95666
2.472357
2.465883
2.491099
2.480714
2.445068
2.463042
2.896136
2.480235
3.159265
2.963404
2.474187
2.459301
2.462098
2.465176
2.915872
2.456304
2.470532
2.457777
3.108844
2.461681
2.459869
2.835934
2.459875
2.481085
2.477299
2.470949
2.46608
2.468974
2.46653
2.466332
3.00897
2.473042
2.98873
2.472035
2.459079
2.462952
2.472231
2.47251
2.462183
2.458809
2.773738
2.46378
2.923376
2.465535
2.466405
2.961505
2.828193
2.457641
2.455048
2.459856
2.980528
2.924198
2.460044
2.913516
3.16331
2.888972
2.452637
3.057473
2.94124
2.492099
2.462221
3.10424
2.96369
2.474846
2.465201
2.977206
3.213582
2.472833
3.015784
3.093904
2.454145
2.453387
2.495125
2.470738
3.058829
2.462744
2.44947
2.455941
2.457748
2.472183
2.46714
2.448562
2.868154
2.460413
2.456156
3.094012
2.468989
3.076614
2.468436
2.452492
2.467753
2.96791
2.728234
2.471046
2.4728
2.96053
2.938888
2.493343
3.028802
2.776961
2.484265
2.463967
2.467897
2.467209
2.971288
2.448416
2.459438
3.129056
2.471643
2.479814
2.468703
2.4476
2.46803
2.918495
2.445974
2.499644
2.462436
2.451161
2.468119
2.470652
2.872276
2.471791
2.467898
3.12145
3.193072
2.472378
2.453854
2.963211
2.979472
2.477459
2.485741
2.827046
2.460649
2.484138
2.463134
2.458208
2.500322
2.463766
2.478068
2.913213
2.455365
2.47395
2.470604
2.449817
2.936789
2.901047
2.469493
2.917957
2.901435
2.483874
2.473036
2.962681
2.806914
2.460047
2.459271
2.968973
3.071192
2.483628
3.098166
2.994796
3.226091
2.479052
3.033585
3.04263
2.460341
2.455149
2.476324
2.978715
3.120122
2.449841
2.50861
2.898171
2.46189
3.08998
2.457914
2.450841
2.464503
2.470441
2.458325
2.464757
2.463701
3.071001
2.465552
3.048962
2.486911
2.462328
2.465695
2.465085
2.462381
2.463997
2.459465
2.45092
2.932462
2.453174
2.45193
2.862932
2.45068
2.467185
2.464499
2.756395
2.459601
2.454447
2.479555
2.464468
2.925677
2.840325
2.466096
2.996164
2.465193
2.461798
2.460571
2.463957
2.463169
2.465601
2.940594
2.798515
3.07812
2.46228
2.969001
2.976228
2.974555
2.48697
2.46519
3.024415
2.463917
2.460516
2.485784
2.467985
3.095321
2.479094
2.932048
2.469785
2.471778
2.466474
2.451425
2.484352
2.923099
2.480976
2.466615
2.454888
3.036153
2.454292
2.916674
2.814256
2.968877
2.464315
2.46441
2.990032
2.938721
2.481921
2.482189
2.468644
2.460831
2.458573
2.474334
2.486461
2.452917
2.466775
3.094105
2.483367
2.45779
2.453778
3.055913
2.46255
3.022974
2.462186
2.956536
2.480647
2.452021
2.456138
2.480978
2.4642
2.465163
3.001509
3.113846
2.914707
2.469115
2.877537
2.471916
2.45283
2.450733
3.134398
2.898562
2.454589
2.454556
2.471979
2.97945
2.452192
2.476449
2.466619
2.959524
2.452051
2.465517
2.480139
2.775912
2.486678
2.883416
2.571828
2.458168
2.49013
2.475394
3.016458
2.483332
2.468325
2.454204
2.867976
2.461444
2.487545
2.459273
2.789275
2.982387
2.454332
2.448309
3.067417
2.812221
2.456783
2.459348
2.456828
2.468468
2.462152
2.468195
2.781212
2.473315
2.820886
2.468041
3.096841
2.880594
3.09898
2.477906
2.90284
2.460849
2.451838
2.4703
3.068971
2.953479
2.463792
2.461147
2.47007
2.457731
3.145687
2.453936
2.871547
2.913486
2.466762
3.099946
2.465615
2.462282
2.46532
3.032092
2.500196
2.45766
2.972357
2.894675
2.467582
2.475919
2.962751
2.459129
2.464541
2.458679
3.054099
2.755576
2.450449
2.478131
2.461509
2.472184
2.456316
2.470506
3.000897
2.97129
2.791703
2.455202
2.763632
2.960702
2.464496
2.455726
2.468919
2.467293
2.468121
2.46641
2.95978
2.460336
2.472699
2.461006
3.042645
2.911082
2.475075
2.465148
2.459933
2.962501
2.464993
2.459547
2.471272
3.126232
2.461493
2.953637
2.472267
2.460259
2.464787
2.948279
2.467064
3.014242
2.460774
2.460141
2.991356
3.137389
2.782715
2.467589
2.46837
2.983813
2.46849
2.461901
2.461341
2.868323
2.467338
2.464531
2.458015
2.679057
2.466578
2.479771
2.475113
2.842133
2.471758
2.448842
2.474489
2.463979
2.473542
2.895647
2.890806
2.972088
2.447404
2.471343
3.09645
2.448235
2.457509
2.449431
3.074922
2.92237
2.470043
2.464633
2.474334
3.091495
2.93884
2.463104
2.46523
3.033589
2.456058
2.453739
2.464149
2.45197
2.478646
2.465348
2.905631
2.454186
2.947657
2.469754
2.874169
2.475696
2.481129
2.464369
2.971905
2.459595
2.470768
2.468153
2.451262
2.460619
2.469537
2.46187
3.157114
2.867511
2.87449
2.463018
2.452117
3.141995
2.467805
2.458317
2.473178
2.819993
2.473417
2.462097
2.465189
2.94722
2.453528
2.463017
2.937617
2.46678
2.457547
2.454832
3.061784
3.123287
2.453724
2.477919
2.45945
2.466206
2.467587
3.034495
2.881847
2.447862
2.474684
2.460468
2.974659
2.987796
2.459249
2.935269
2.46244
2.672938
2.99409
2.471902
2.459242
3.092565
2.472465
2.467691
2.942416
2.454005
2.492493
2.481908
2.498329
2.807242
2.459869
2.461205
2.476569
2.462568
2.453308
2.848228
2.467792
2.478779
2.484013
2.471183
2.470719
2.461809
2.450056
2.461833
2.484675
2.697512
2.976089
2.862395
2.46413
2.467018
3.046481
2.847226
2.472739
2.455497
2.946995
3.01126
2.466623
2.455737
3.019912
2.45593
2.848669
2.450303
2.471172
2.467904
2.463683
2.464506
3.071657
2.473841
2.488267
2.501722
2.474905
2.471971
2.477148
2.466664
2.463239
2.471384
2.455769
2.480387
2.978843
2.458081
2.470004
2.995838
2.779516
2.971223
2.465362
2.456895
3.058559
2.461495
2.925982
2.47048
2.463144
2.845218
2.455796
2.465488
2.823404
2.476396
2.98655
2.46398
2.857285
2.456925
2.479107
2.459028
2.466599
2.822209
2.478115
2.470201
3.056085
2.988587
2.462117
3.075526
2.956753
2.462239
2.479973
2.461176
3.031264
3.106579
2.470295
2.454593
3.096906
2.976144
2.470888
2.455272
2.97183
2.484407
2.459979
2.471337
2.898564
3.014147
2.451002
2.472688
2.465641
3.01411
2.462948
2.450622
3.131792
3.065803
2.476011
2.447186
2.473963
3.158864
2.469652
2.468472
2.932454
2.924137
2.462386
3.056317
2.912866
2.536831
2.446493
2.452126
2.9741
2.465317
2.468599
2.460295
2.465148
3.129806
2.895219
2.454242
2.97572
2.46156
2.465238
2.467268
2.816551
2.465091
2.943304
2.447148
2.466619
2.465835
2.466728
2.455045
2.47631
2.459831
2.461179
2.453469
2.468025
3.073336
2.465959
2.460309
3.040521
3.102813
2.47052
2.46817
3.012509
2.931536
2.936813
2.451489
3.117946
2.483902
3.053302
2.472535
2.465482
3.238532
2.460954
2.473188
2.970832
2.480092
2.467759
2.47778
2.465973
2.461994
2.459355
2.484845
2.470867
2.467838
2.456027
2.914302
2.445563
2.471091
3.090564
2.888036
2.471249
2.475044
2.777599
3.231544
3.015236
2.4756
2.454641
2.47532
2.463029
2.471567
2.876693
2.945203
3.058954
2.470279
3.029722
2.466002
2.467724
2.453906
3.080637
2.48609
2.466383
2.474939
2.926089
3.243523
2.471573
2.449995
2.476514
2.943947
2.44368
3.027309
2.821273
3.006084
2.467762
2.476943
3.048259
3.0356
2.466052
2.471058
2.471577
3.0561
2.493667
2.490264
3.086829
3.0784
2.466221
2.450472
2.929891
2.478674
2.463667
2.461025
2.464926
3.053961
2.45658
2.459714
2.45801
2.963056
2.459225
3.043854
2.454276
2.598639
2.459431
2.47446
2.95432
3.016525
2.486047
2.461222
2.853623
2.842646
2.861551
2.465447
2.798131
2.455405
2.467965
2.468241
2.956493
2.453634
2.474388
2.46519
2.885411
3.015681
2.993341
2.458686
3.065188
2.468407
2.838299
2.501661
2.466307
2.465078
2.456116
2.994064
2.8838
2.468647
2.47528
2.475492
2.468823
2.993328
2.455249
2.462086
2.86039
2.914892
2.476478
2.458383
2.68816
3.073406
2.490161
2.472287
2.492498
2.455108
2.45662
2.480675
2.461974
2.91986
2.453762
2.466354
3.093832
2.443037
2.468125
3.09781
2.470944
3.05534
2.46646
2.472691
2.446482
2.932004
2.495708
2.956223
3.072909
2.47057
2.469202
2.458407
2.501643
2.463997
2.445822
2.47113
2.473914
2.87666
2.8722
2.452684
2.464799
2.453623
2.46521
2.468879
2.474449
2.460347
2.462376
2.886746
2.476921
2.958095
2.460905
2.467357
2.455142
2.833808
2.465275
2.455196
3.114736
2.460823
2.464932
2.958961
2.453024
2.45844
3.030776
2.4763
2.453376
2.475149
3.111848
2.467394
2.452128
2.468662
2.888206
3.128128
2.463699
2.464766
2.464836
2.445681
2.468115
2.45943
2.783838
3.122318
2.893604
2.460408
2.457151
2.890442
2.467449
2.454325
2.456105
2.964492
2.455931
2.45085
2.92423
3.080819
2.479605
2.468605
3.219578
2.469395
2.464548
2.972415
3.086456
2.978747
2.460283
2.46989
2.453029
2.46687
2.460426
2.455405
2.461243
3.136831
2.912766
2.488197
2.459513
2.454088
2.456857
2.466711
3.034921
2.469325
2.479119
2.465456
2.933734
2.462654
2.460936
2.446438
2.479984
3.025876
2.468097
2.467022
3.062291
2.456071
2.471268
2.460474
2.942634
2.468433
2.461919
2.478204
2.972907
2.998408
2.472178
2.455501
3.020033
2.469673
2.964579
2.468611
2.467104
2.466963
2.484287
2.462391
3.073583
3.002883
2.447479
2.892537
2.477049
2.887243
2.466159
2.462563
2.717707
3.128338
2.466901
2.467855
2.471633
2.947124
2.452937
2.461454
2.470501
2.460743
2.473599
3.018462
2.849582
3.025742
2.449945
2.499927
2.469692
2.738628
2.498769
2.834566
2.950325
2.939027
2.446699
2.636339
2.460213
2.912959
2.475065
2.467331
2.458911
2.961807
2.445293
2.463157
2.461558
2.464408
2.469529
2.469389
3.181447
2.492575
2.459602
2.465696
2.891862
2.485891
3.094011
2.470254
3.083724
2.891468
2.450847
2.467459
2.467236
3.019113
2.46492
2.461757
3.085473
3.008285
2.943785
2.457384
2.469291
2.46541
2.447411
2.476187
2.978117
2.450748
2.451262
2.475803
2.998544
2.483048
2.466374
2.47492
2.473979
2.796572
2.477855
2.461279
2.470597
2.468892
2.470361
3.007836
2.856329
3.154121
2.463958
2.466794
2.468171
2.474535
2.807817
2.458793
3.112706
2.452623
2.860994
2.468725
2.46606
2.454619
2.886766
2.477499
2.462127
2.463342
2.470243
3.009354
2.474348
2.459347
2.4642
2.482604
2.467392
2.469236
3.11382
2.952636
2.465605
2.497141
2.452963
3.021383
2.471039
2.464754
2.944338
3.006633
2.469971
2.462814
2.452961
2.478884
2.449181
2.464268
2.899867
2.468073
2.463946
2.957592
3.002361
3.14392
2.471571
2.901026
3.004722
2.450194
2.459434
2.453753
3.051059
2.967889
2.470204
2.448708
2.471729
2.4712
2.463352
2.46933
2.828254
3.038428
2.456289
2.996793
2.458058
3.04556
2.481337
2.457938
2.465491
2.888214
2.458093
2.747128
2.484405
2.800226
2.478538
2.476906
2.897566
3.125352
3.045749
2.483605
2.453247
2.981254
2.460605
2.450016
2.471452
2.469384
2.452729
2.497288
3.037961
2.923838
2.460999
2.445501
2.478893
3.198542
2.452229
2.452983
2.479516
2.48405
2.456479
3.037975
3.06433
3.082226
2.456503
2.468555
2.476243
2.930325
2.862862
2.472365
3.135506
2.471384
2.454331
2.45769
2.882128
2.456985
2.46705
2.457682
3.0571
3.024198
2.474757
2.454346
2.473413
2.448442
2.464238
2.491514
2.456
2.906895
2.473527
2.949376
2.896115
3.177239
2.477746
2.494199
2.469404
2.922374
2.467343
2.46456
2.467131
2.963271
2.471046
2.496361
2.468023
2.491647
2.461921
2.459521
2.983962
2.472119
2.470867
2.455374
3.123262
2.464439
2.47435
2.457026
2.999756
2.87769
2.470265
2.474005
3.08165
2.931971
2.443532
2.471086
2.903207
3.079709
2.454051
3.002757
2.454721
2.45834
2.456265
2.467917
2.925179
2.460394
2.480169
2.465515
2.454363
2.468092
2.504381
3.071643
2.464987
2.466919
2.473163
3.091677
2.462014
2.464351
2.998243
2.465136
2.4673
2.465262
2.458783
3.082658
2.467654
2.46178
3.189872
2.994324
2.455194
2.457406
2.469033
2.465269
2.830883
2.894519
2.456348
2.996235
2.468696
2.453089
2.452378
2.465283
2.462231
2.462629
2.46502
2.985065
2.457566
3.086147
2.460308
2.876681
2.97138
2.454044
2.456453
3.055908
3.033992
2.4515
3.102266
2.858151
2.457528
2.486552
2.459865
2.48181
2.91942
2.460107
2.477408
2.988406
2.454974
3.041749
2.466525
2.460872
2.470832
2.462824
2.450646
2.467511
2.458359
3.083055
2.473452
3.016828
3.043275
2.471823
2.471433
2.46373
2.474076
2.490569
2.479818
2.455421
2.967631
2.449202
2.471012
3.004137
2.470193
2.461889
2.455294
2.471769
2.461932
2.458776
2.476165
2.939829
2.454123
2.468413
2.457083
2.463946
2.926799
2.943873
2.46199
2.893422
3.151381
2.456961
2.907218
2.853575
3.000198
2.462868
2.963254
3.143247
3.024452
2.478038
2.460664
2.983184
2.462477
2.447399
2.459345
2.484103
2.856084
2.463287
3.03417
2.762909
2.474152
2.45763
2.464253
2.998117
2.47019
2.461497
2.458914
2.489359
2.456646
2.888566
2.462688
2.465394
2.456652
2.473654
2.456478
3.041545
2.482134
2.46594
2.450341
2.46558
2.460247
2.446893
2.455273
2.472442
2.963416
2.457871
2.464438
2.921832
2.463313
2.447809
2.465396
3.083129
2.491403
2.467638
2.457475
2.460122
2.986481
2.986694
2.472888
3.059682
2.458482
2.458504
2.456716
2.455727
2.447728
2.484309
2.478594
3.102748
3.095075
2.464368
2.463399
2.929422
2.856259
2.463803
2.954695
3.213789
2.483868
2.45974
2.462942
2.472001
2.779543
2.460019
2.989591
2.501042
2.452862
2.454714
2.494268
2.472046
2.887337
2.468145
2.483173
2.55581
3.00653
2.451526
2.470717
2.461974
2.876837
2.467637
3.039485
3.024842
2.470309
2.463089
2.466509
2.456168
2.456629
2.479284
3.048029
2.456954
2.448519
2.994496
3.036492
2.460253
2.462405
2.479038
2.74385
2.465154
2.47246
2.468557
3.091893
2.455919
3.090601
2.885315
2.476848
2.451348
2.463424
2.480645
2.877864
2.490494
2.479685
2.467288
3.090714
2.488084
2.814617
2.448935
2.472257
2.457892
2.475438
2.944275
2.461142
2.461256
2.468793
2.452105
2.482436
2.482325
2.456499
2.983223
2.799611
2.483464
2.479307
2.458503
2.960394
2.903879
2.472895
2.940315
2.963727
2.999988
2.472338
2.830548
2.462478
2.462576
2.448953
2.985719
2.471034
2.837706
2.466137
3.072102
2.938212
2.456675
2.453117
2.45289
2.474541
2.471235
2.450417
2.944295
3.045022
2.466156
2.454538
2.471975
2.871987
3.033531
2.459766
2.483314
3.086218
2.450752
2.458309
2.462056
3.072582
2.471062
3.126894
2.938601
2.462334
2.470366
2.467407
3.090653
2.90672
2.456166
2.477336
2.465729
2.454329
2.463831
2.481823
2.893581
2.456666
2.467812
2.460547
2.462452
2.460663
2.466381
2.472614
3.038953
3.018108
2.474243
2.456788
2.450123
3.162494
2.478561
2.458296
2.462824
2.88549
2.456003
2.946677
2.459996
3.036268
2.468266
2.460894
2.466655
3.036878
2.453962
2.48681
2.454357
2.468869
3.096013
2.463694
3.024849
2.734272
2.454874
2.471571
2.878769
2.875398
2.461192
2.469688
2.46225
3.008883
2.464714
2.486228
2.496824
2.896539
2.482467
2.832437
2.908285
2.950735
2.471916
2.454982
2.457588
3.083883
2.522819
2.479528
2.47757
2.46053
2.453097
2.456628
2.967487
2.467293
2.466991
2.457906
2.829096
3.068104
2.457704
2.469346
2.4728
2.476784
3.070097
2.455925
2.468544
2.463875
3.017164
3.147088
2.463604
2.465883
2.823427
2.460181
3.211993
2.465855
3.129581
2.467991
2.456815
2.435923
2.97158
2.48264
2.471529
3.104383
2.917879
2.776909
2.480188
2.470534
2.478743
2.469883
2.479883
2.459888
3.04377
3.04891
2.470921
2.457323
2.461396
3.104803
2.466585
2.453142
3.068406
3.062842
2.487465
2.458047
2.479387
3.063981
2.473093
2.460926
2.46758
2.468054
2.458577
3.094211
2.813151
2.994928
2.453361
2.991408
3.024776
2.452938
2.465847
2.467134
2.851319
3.134479
2.47123
2.94378
2.470164
2.44257
2.46186
2.459428
2.889772
2.481182
2.466316
2.452009
2.49434
3.054243
2.461864
2.467755
2.475698
2.945919
2.451074
2.467511
2.48841
3.063832
2.453557
3.066061
2.478479
2.457289
2.473459
2.46097
2.4583
2.459626
2.464618
2.454858
3.047003
2.916276
2.937948
2.472066
2.466373
2.873962
2.455037
2.452932
2.475343
2.982299
2.469291
2.453694
2.858402
3.079782
2.471181
2.463556
2.981158
2.471609
2.494029
2.466883
3.196745
2.981162
2.459424
2.459216
2.472801
2.457824
2.480815
2.462153
3.102897
2.468285
2.482042
2.46622
2.919954
2.89164
2.475834
2.46626
2.45741
2.981003
2.919703
2.453054
2.475622
2.940968
2.457646
2.464416
3.096484
2.481813
2.469498
2.456465
2.473394
2.898961
2.456454
2.468408
2.458049
3.033509
2.445255
2.483513
2.450162
2.488252
2.460777
2.935901
2.456461
2.990552
2.462276
2.456244
2.945392
3.046404
2.812529
2.474747
2.449566
3.0568
2.470371
2.443566
2.457304
3.12197
2.464407
2.464676
2.466386
2.964752
2.448347
2.456974
3.118523
2.470393
2.473662
2.469176
2.482354
2.471449
3.118465
2.472066
2.466159
2.459808
2.45022
3.00687
2.46752
2.467345
2.472955
2.857095
2.473579
2.475974
3.0146
3.045635
2.484272
2.463454
2.46991
2.459489
2.47097
2.454827
2.460649
2.948721
3.028731
2.45643
3.06508
2.45711
2.462596
3.205837
2.467506
2.478555
2.480227
2.457566
2.48173
2.939522
2.462967
2.4781
2.452369
2.877246
2.464081
2.461256
3.081922
2.951827
2.465768
3.020795
2.930655
2.452937
2.459621
2.469493
3.014611
2.935741
2.469315
2.47445
2.784595
3.080276
2.936125
2.467512
3.045165
2.448558
2.459467
2.464445
2.986494
2.47633
2.455149
2.462147
2.450853
3.043291
2.452241
2.449068
2.89013
2.459505
2.471462
2.460807
2.462381
2.450651
2.446744
2.471249
3.063126
2.458701
2.454346
2.818164
2.989619
3.03415
2.473833
2.458716
2.95065
2.452823
2.46692
2.460727
2.467266
3.118582
2.461827
2.454088
2.459446
2.463449
2.464904
2.742377
2.461923
3.071291
2.456194
3.067935
2.913073
2.459402
2.47157
2.460207
2.468272
2.461371
2.459506
2.931098
2.973341
3.026586
2.450369
2.484117
2.980694
3.01019
2.467359
2.465381
2.938847
2.895812
2.462913
2.483072
2.815407
2.469144
2.971232
2.487321
2.477193
2.898307
2.476296
2.458192
2.933395
2.46378
2.477833
2.451048
2.490319
2.465761
2.456741
2.460968
2.460861
2.470208
2.481466
2.467606
2.899029
2.481407
2.45313
3.042041
2.722198
3.05858
2.45436
2.465041
3.102077
2.478468
3.096425
2.483066
2.460598
2.951201
3.033616
2.453574
2.948215
2.451833
2.458892
2.4807
2.884874
2.451002
2.952505
2.480417
2.477709
2.503146
3.059313
2.806653
2.464966
2.475031
2.463927
3.152674
2.466228
3.034645
2.874886
3.122051
2.476301
2.461228
2.99522
3.018764
2.459361
2.478116
3.099805
2.970836
2.460641
2.459249
3.12243
3.06395
2.465369
2.491635
2.917072
2.460675
2.453372
2.475451
2.456655
2.93084
2.461553
2.469233
2.505401
2.472538
2.484936
2.497577
2.465949
2.931616
2.47795
2.452773
3.120126
3.072468
2.463212
2.466312
2.979586
3.042048
2.846164
2.45845
2.845261
2.458541
2.462844
2.458651
2.464723
2.471142
2.459726
2.461182
2.48475
2.444461
2.476939
3.057575
2.460485
2.633392
2.475206
2.456493
2.742651
2.458386
2.470987
2.806516
2.467338
2.885495
2.463133
2.447443
2.843304
2.870993
2.501514
2.454403
3.23137
2.860292
2.465543
2.455344
2.461603
2.885854
2.462972
2.454145
2.486659
2.472465
2.462916
2.489308
2.456417
2.980028
2.476762
2.466926
3.106148
2.465612
2.467516
2.466956
2.462082
2.456614
3.007648
2.463179
2.468681
2.772963
2.458933
2.462764
3.069838
3.019486
2.454715
2.474552
3.08748
3.001696
2.768391
2.457166
2.458327
2.466182
2.463862
2.49493
2.855153
2.453404
2.494422
2.471347
3.028759
3.092857
3.062393
2.447849
2.940588
2.458706
2.893349
2.457109
2.460333
2.85379
2.467219
2.465536
3.009866
2.457186
2.466641
3.025837
2.457552
2.886594
2.448254
2.457547
2.811717
3.084447
2.469051
2.472536
2.465538
2.787649
2.47524
2.459241
3.205179
3.00044
2.459722
2.457644
2.999196
2.465869
2.45576
2.468415
2.458474
2.935317
2.458848
2.878118
2.479615
2.983842
2.466839
2.460426
2.464238
3.004744
2.447599
2.994628
2.88317
2.467523
3.023097
2.45998
2.461976
2.978929
2.795553
3.144839
2.45475
2.5017
2.453835
2.461984
2.453843
2.461903
2.463236
2.913568
2.460437
2.825913
2.927993
2.981538
2.464505
2.913498
2.460571
2.45713
2.465604
2.461714
2.994566
2.477016
2.459907
2.481643
2.963556
2.773048
2.474208
2.465567
2.841513
2.458827
2.449371
2.459985
2.997245
2.457194
2.472412
2.480599
3.142154
3.061878
2.46283
2.470025
2.994557
2.489375
3.022516
2.477399
2.481447
2.482273
2.460561
2.462578
2.9899
2.471975
2.465872
2.470689
3.016583
2.476173
2.458394
2.462166
3.092129
2.48801
2.461246
2.474199
2.641897
2.452511
2.465704
3.032197
2.855275
3.101003
2.45519
2.450398
2.465235
2.470319
2.487255
2.46461
2.468886
2.883859
3.066787
2.467083
2.476067
2.463649
2.47688
2.469976
2.92245
3.03626
2.464013
2.457123
2.494855
3.096421
2.476021
2.459183
2.459212
2.452266
2.47731
2.46195
2.814711
2.472521
2.473238
2.494177
2.722305
2.461159
2.471767
2.468781
2.859722
3.166805
2.478744
2.469451
2.464535
2.46869
2.457174
2.467472
3.078424
3.054763
2.742766
2.452561
2.460318
2.95635
2.458888
3.00566
2.464354
3.202366
2.469382
2.46579
3.031766
3.07574
2.456582
2.481794
2.451285
2.893371
2.466916
2.446578
2.461643
2.492187
2.441557
2.963478
2.99203
2.863664
3.026866
2.471455
2.474316
3.009883
2.458625
2.466411
2.47112
2.454789
2.974317
2.464568
3.132469
2.471468
2.463314
2.45007
2.997906
2.474249
2.442133
2.474011
2.451986
3.106448
2.45227
2.470606
3.107786
2.471859
2.476438
2.467368
3.174735
2.462288
3.02862
2.456209
2.830679
2.800044
2.993692
2.963775
2.461646
2.458888
2.474036
2.464286
2.461793
2.46788
2.960885
2.469579
2.458039
2.463722
3.019877
2.476737
2.459725
2.462819
3.18514
2.456232
2.475488
2.464026
3.053573
2.455628
2.470244
2.467012
3.045125
2.719323
2.467588
2.456514
2.757214
2.469567
2.456567
2.457063
2.463432
2.457864
2.470056
2.453914
3.037436
2.478811
3.113608
2.46756
3.077322
2.464985
2.47607
2.480003
2.99642
2.840464
3.18111
2.448838
2.458822
2.849799
2.443771
2.475074
2.467737
2.485049
2.461779
2.458231
2.795737
3.049079
2.464184
2.462339
3.118339
2.847228
2.486459
2.467026
2.455548
2.47801
2.480482
2.457575
2.932521
3.062104
2.456005
2.457127
2.45643
2.904855
2.956411
2.640241
2.958185
3.012031
2.469136
3.088711
2.816781
2.463028
2.449799
2.448901
3.081355
2.963362
2.483083
2.459838
2.468941
2.496713
2.455501
2.474653
2.470269
2.896393
2.456005
2.953036
2.473904
2.479502
3.054543
2.473794
3.093741
2.462405
2.468502
2.469434
2.979148
2.458834
2.995932
2.466351
2.694227
2.461713
2.463823
2.464622
2.462666
2.864547
2.456736
2.484953
2.460081
2.449804
2.479366
2.483589
2.971718
2.92208
2.47733
2.467642
2.477408
3.111912
2.468899
2.492879
2.934276
2.951836
2.466616
2.994304
2.467998
2.450779
2.454557
2.452443
3.109131
2.462304
2.465991
2.472282
3.029974
3.012327
2.482426
2.453954
3.025542
2.463307
2.455976
2.980986
2.764535
2.978057
2.467568
2.47275
2.461685
2.456085
2.460272
2.462314
3.179297
2.992651
2.476419
2.829417
2.970649
3.129408
2.459591
2.473066
2.473606
2.994051
2.446069
2.47825
2.482957
2.982463
2.47279
2.486374
2.475608
2.455855
2.476827
2.992459
2.451867
2.467715
2.960941
2.469958
2.458905
2.460775
2.454299
3.117128
2.481813
2.466298
3.072478
2.876747
2.457201
2.456837
3.131309
3.10813
2.45835
2.465209
3.001571
2.458381
2.475837
2.478233
2.456916
2.466203
2.457797
2.452153
2.454319
2.458754
2.495008
2.459177
2.471812
3.044287
2.465569
2.461966
2.476433
3.037832
2.467663
2.468527
3.056804
2.465621
2.45601
2.46718
2.463553
2.94579
2.488683
2.46002
3.091373
2.99397
3.083958
2.460777
3.16702
3.098897
2.96423
2.450388
3.003393
2.46802
2.448292
2.467744
2.932658
3.02322
2.463161
3.014563
2.988539
2.465772
2.458521
2.477443
2.863155
3.018129
2.465925
2.478145
2.471148
3.017533
2.471098
2.472019
3.063931
2.92895
2.795005
2.458816
3.055278
2.906432
2.470032
2.468665
2.504896
2.71247
2.461304
2.463572
3.119989
3.052389
2.452082
3.155332
3.075067
2.489058
2.460484
3.099598
2.473933
2.951351
2.476966
2.470844
2.472002
2.9995
2.449889
2.471519
2.973908
2.478737
2.462293
2.459961
2.450079
3.100697
2.471778
2.47604
2.850969
2.749419
2.475001
3.087059
2.468768
3.139688
2.482125
2.466641
2.44431
2.466813
2.454819
2.947927
2.476043
2.464577
2.457295
2.467976
2.464293
2.8814
2.460532
2.456555
2.466836
2.460528
2.948373
2.460527
2.468959
3.054775
2.470246
2.46965
2.910446
3.098728
2.469775
2.46389
2.77007
3.011479
2.45006
2.453388
3.232948
2.909727
2.466598
2.460277
2.467931
2.466967
2.451744
2.464609
2.469789
2.45899
2.475111
2.460844
2.906397
2.45938
2.473702
2.457935
2.4512
2.456605
2.46363
2.757494
3.14656
2.466488
2.446542
3.192615
2.451807
2.469461
2.463472
2.460184
2.477586
2.455291
2.806435
2.46678
2.475725
2.469784
3.067695
2.459182
3.060439
2.468858
3.134243
3.094753
2.791265
2.460108
2.464101
2.455748
2.458038
2.45722
3.023281
3.074115
3.037902
2.467343
2.456024
2.954392
2.464774
2.467052
2.449474
2.85303
2.453245
2.489986
3.029992
2.747235
2.495431
2.458547
2.899199
2.460977
2.458563
2.469081
3.095533
2.92499
2.480875
2.469805
2.462573
2.46877
2.475263
2.458804
2.931371
2.486125
2.462862
3.069359
2.79805
3.046578
2.487916
2.458493
2.46596
3.134074
3.103587
2.453979
2.472881
2.817296
2.457869
2.460954
2.786443
2.491797
2.453118
2.452851
2.460677
3.094364
2.464389
2.456123
2.456357
2.975557
2.462561
2.468023
2.455682
2.480516
2.447267
2.883519
3.032162
2.955539
2.461022
2.478338
2.47274
2.469275
2.455658
2.467608
3.111748
2.899457
2.494268
2.46635
2.449594
3.175447
2.462837
2.498485
2.882804
3.079444
2.464286
2.460634
2.459148
2.990936
2.474504
2.485568
2.460306
2.456932
2.46066
3.056637
3.042324
2.836897
2.468643
2.462835
2.867577
2.956225
3.004195
2.458519
2.939922
2.818473
2.467982
2.447596
2.452741
2.480262
2.470559
2.472033
2.833193
2.462498
2.451698
2.473245
2.472337
2.864429
2.479811
2.482706
2.45617
3.06451
2.465524
2.489882
2.451886
3.023065
2.480916
2.974
2.448598
2.462923
2.472016
2.456216
3.126569
2.474371
2.467363
2.46265
2.481007
2.459055
2.463245
2.486555
3.115354
2.903911
2.459593
2.487404
2.445063
2.980543
2.463181
2.468615
2.448801
2.951541
2.451782
2.459161
2.458209
2.46144
3.179735
2.926978
2.457421
2.459049
2.464656
2.914271
2.453618
2.465321
2.941905
2.974624
2.460966
3.144577
2.984011
3.110446
2.459029
2.459251
3.129391
2.81061
2.450336
3.006799
2.921668
2.891402
2.457902
2.466619
2.916811
2.467068
2.486723
2.463718
2.462729
2.83638
2.483761
2.459524
2.463842
2.469269
2.47118
3.114754
2.453144
3.030762
2.460144
3.167518
3.11941
2.451775
2.468224
2.488894
2.471273
2.460508
2.467426
2.458189
2.473949
2.995981
2.466416
2.477366
2.797279
2.953496
2.468661
2.469449
3.072092
3.076234
2.458562
2.457373
2.992486
2.460756
3.011459
2.461265
2.471089
2.997549
2.460486
2.46429
2.963693
2.463599
2.459978
2.472334
2.456573
2.459047
2.452832
2.471211
2.458749
2.4597
2.470194
2.44682
3.109316
2.457653
2.458619
2.463696
2.471646
2.452982
2.47168
2.460259
2.454191
2.85889
3.006025
2.456401
2.930311
2.455922
2.454858
3.059816
2.480169
2.461187
2.465896
2.458105
2.465154
3.026963
2.479617
2.453469
2.459813
2.946192
2.482732
2.464487
2.746423
3.112
2.467567
2.464815
2.456652
2.471089
2.481011
2.460571
3.06412
2.962686
2.451929
2.475094
2.899198
3.030023
2.452988
2.477929
2.964503
2.452143
2.466359
2.46906
3.060768
2.467481
2.476248
2.454336
2.461262
3.132673
2.46532
2.462978
3.162145
2.4635
2.463056
2.450096
2.445797
2.452953
2.462339
2.461613
2.799709
2.476181
2.466566
2.454622
2.470961
2.475419
2.451457
2.456513
2.460413
2.876357
2.456093
2.46247
3.092484
2.448081
2.482909
2.463853
3.126807
2.465695
3.0343
2.467403
3.159649
2.462771
2.4514
2.451399
2.46613
2.470729
3.064156
2.469786
2.482196
2.465194
2.458165
2.468393
2.45932
2.451138
2.478229
2.933916
2.456627
2.466854
3.039561
2.475388
2.461296
2.49897
3.152282
2.467353
2.45488
2.465195
2.474586
3.056951
3.066461
2.455772
2.866119
2.470105
2.455423
2.473425
2.476405
2.465384
2.452232
2.465337
3.086462
2.458775
2.965064
2.467181
3.059037
3.001104
2.469648
2.452419
2.98061
2.482644
2.479885
2.463311
2.473779
3.21966
2.484479
3.160893
2.467827
2.452871
2.464359
2.468417
2.460644
2.990413
2.455923
2.476204
3.031943
3.034676
2.464976
2.470133
2.477205
2.81786
2.457098
2.468518
2.826069
2.962987
2.463932
2.447696
2.466788
2.471669
2.477587
2.461309
2.45504
2.954167
2.472861
2.445393
3.016406
2.465607
2.464416
2.457896
2.47255
2.46536
2.46885
2.462648
3.145569
2.472189
2.451884
2.489002
2.478309
3.030432
3.13585
2.463545
2.550146
3.049223
2.454871
2.454506
2.990807
2.469503
2.458132
2.460019
2.965905
2.947648
2.448648
2.484426
3.015643
2.463245
2.476293
2.464556
2.452666
3.076821
2.449186
2.914177
3.050116
2.467359
2.463113
2.473745
2.968719
2.461981
2.480552
2.453409
2.450297
2.460046
2.930068
2.476295
2.474363
2.483548
2.461863
2.49904
2.466087
2.472727
2.469118
2.453088
3.043772
2.841492
2.452703
2.515517
2.84811
2.890154
2.461563
2.476891
2.893916
2.470283
2.479019
2.464437
2.453805
2.476622
2.49336
2.455861
2.466799
3.074808
2.889828
2.458106
2.993155
2.461778
2.47892
2.466844
2.445768
2.462094
2.503347
2.480144
3.124159
2.876381
2.473395
2.464342
2.900315
2.937833
2.466987
2.853414
2.615613
2.462162
2.466795
2.475605
2.469347
2.456812
2.864275
3.179887
2.482915
2.457313
2.494256
2.947135
2.473585
2.452599
2.457219
2.916239
2.467821
3.05008
2.462336
3.003906
2.461112
2.470781
2.453527
2.79771
3.054594
2.453871
2.450961
2.463246
2.467449
2.458159
2.46996
2.933687
2.45506
2.461157
2.947706
2.861839
2.452118
2.458734
2.468422
3.109826
2.470021
2.459015
2.449962
3.111926
2.458059
2.970624
3.119121
2.985726
2.455196
2.46231
2.484837
3.09714
2.455058
2.465294
2.453643
2.458704
2.449908
2.459997
2.956304
2.47115
2.464939
2.476497
2.841506
3.058385
2.475528
2.488072
2.466885
2.45601
2.460005
2.447378
2.867991
3.123292
2.462936
2.467088
2.458522
3.03465
2.964587
2.47251
3.023925
2.999359
3.064463
2.460115
2.802945
2.462362
2.461663
2.445454
2.91417
2.468374
2.467822
2.465164
3.109805
3.024107
2.98213
2.473392
3.088332
2.469081
2.472235
2.438804
2.905719
3.223073
2.471255
2.448372
2.476122
2.799072
2.456352
2.47134
2.455306
2.938892
2.488887
2.473857
2.448329
2.878929
2.465461
2.975609
3.027166
2.467027
2.454559
2.455858
3.089793
2.822875
2.464007
2.479502
2.47191
2.461688
2.461896
2.478887
2.814072
2.461376
2.460085
2.460968
2.899815
2.990998
2.459873
2.467734
2.460327
2.45688
2.484425
2.46942
3.070995
2.463919
2.458244
2.452724
2.864808
3.149645
2.465353
2.469138
3.004964
2.447963
2.787265
2.451413
2.97193
3.016047
2.460365
2.464022
2.473315
2.472037
2.995806
2.461785
3.101858
2.95164
2.463943
2.460445
2.861918
3.0519
2.466713
2.460586
2.480114
2.952505
2.469555
2.498433
2.45292
3.100867
2.46367
2.454067
2.461737
2.88274
3.191307
3.064009
2.459515
2.462675
2.460197
3.019496
3.020792
2.471569
2.916417
2.482997
3.053283
2.464014
2.776291
2.465432
2.479288
2.466451
3.124299
2.860592
2.456383
2.462146
2.469594
2.455077
2.46426
2.446591
2.469711
3.070676
2.468933
3.033737
2.460691
2.477521
3.136729
2.475943
3.015416
2.475587
2.500221
2.45128
3.029428
2.468656
3.077803
2.45317
2.484805
2.479658
2.470874
2.468493
2.975993
2.45462
2.458006
2.471477
2.813286
2.468989
2.465275
2.45819
2.883426
2.901397
2.476422
2.457872
2.492905
2.980996
2.460575
2.479011
2.987933
2.869659
2.469951
2.977629
2.456171
2.463865
2.464443
2.470659
3.080398
2.489837
2.464158
2.47472
3.114689
3.089829
2.462937
2.468539
3.076123
2.457632
2.452058
3.035784
2.884376
2.465153
2.476531
2.476891
3.050278
3.018589
2.459892
2.460247
2.915704
2.486435
2.473807
2.470851
2.47245
2.461109
2.493366
2.486361
3.026753
2.464282
2.884004
2.466669
2.858181
2.456603
2.453052
2.47329
2.470172
2.994562
3.104407
2.45991
3.100374
2.486705
2.452768
2.464822
2.949862
2.508371
2.453367
2.455916
3.163641
2.84909
2.457548
2.472991
2.447485
3.075045
2.487737
2.466191
2.457609
2.493239
2.487578
2.458442
2.797597
3.004843
2.471366
2.4684
2.460244
2.871075
3.226062
2.870073
3.01858
2.930547
2.465177
3.040433
3.075673
2.474797
2.443902
2.458912
3.016967
2.463423
2.45
2.460201
3.158295
3.073899
2.462731
2.469871
2.485464
2.476414
2.472497
2.467882
2.456586
3.086237
2.471446
2.457165
2.452302
3.015971
2.469685
2.914502
2.463015
3.05527
2.459521
2.889004
2.470871
3.173554
2.913981
2.486129
2.489025
2.467032
2.469651
3.031666
3.005251
2.460715
2.47579
2.906992
2.478773
2.465276
3.082437
2.805895
2.472164
2.466174
2.917478
2.78197
2.468265
2.482196
2.444819
3.076338
2.485157
2.459207
2.892166
2.94817
2.47827
2.998865
2.958063
2.458605
2.465345
2.847188
2.444735
2.90708
2.476024
2.453138
2.481088
3.151959
2.467088
2.468337
2.479289
2.916326
3.170519
2.462911
2.926696
2.493849
2.469589
2.485158
2.447262
2.466705
2.456981
2.492646
2.94822
3.084357
2.481339
2.475472
2.931891
2.968912
3.186276
2.464903
2.961606
2.468603
2.485665
2.468969
2.461099
3.12752
2.458121
2.466321
2.447206
2.462914
2.886498
2.462748
2.46869
3.035334
2.468985
2.482356
3.075357
2.851881
2.497506
2.474639
3.024792
3.031468
2.487578
2.47516
2.8463
2.477952
2.477659
2.47171
2.476497
2.470122
2.448329
2.488803
2.486723
2.472869
2.481487
2.473123
2.451124
3.208451
2.475157
2.468482
2.466124
3.149678
2.475542
2.478665
2.463924
2.936602
2.970963
2.464404
3.043998
2.482226
2.481934
2.467043
2.474288
2.457275
2.492278
2.456572
2.457948
3.030386
2.464273
2.850025
2.456313
2.474816
2.45814
2.458201
2.504016
2.957409
2.462714
3.086266
3.122106
2.469072
2.4569
2.469266
3.043088
2.934204
2.437417
2.465419
2.48976
2.782797
2.456715
2.469133
2.987426
2.821036
3.117034
2.457252
2.810182
2.944036
2.44654
2.460087
2.468036
2.4789
2.454764
2.491372
2.963306
2.916972
2.468705
2.711256
3.063069
2.804795
2.465082
2.460659
3.01584
2.452162
2.48517
2.496936
2.46526
2.468595
2.449546
3.099124
2.495083
2.470952
2.969216
3.079811
2.960659
2.484739
2.485429
2.476695
2.449885
2.479011
2.878647
2.470565
2.476117
2.464187
3.088029
2.99826
3.029757
2.459384
3.11904
2.472563
3.061043
2.455631
3.023753
2.986564
2.48603
2.470175
2.467763
3.168714
2.462198
2.948304
2.794167
3.099529
2.467134
2.460794
3.063316
3.120843
2.451832
2.471078
3.115698
3.006193
2.463338
2.453991
2.990626
2.869231
2.465498
2.469208
2.880045
2.461848
2.472902
2.472224
2.450798
3.08355
2.474431
3.108477
2.465684
3.083235
2.481008
2.468419
2.462594
3.060194
2.457422
3.106017
3.133645
3.149635
2.461215
2.511992
3.035711
2.999676
3.106145
2.458529
3.033009
2.469127
2.467932
2.470765
2.473842
2.45375
2.476277
2.467003
2.455298
2.459166
2.498002
2.958983
2.448763
2.864797
2.469305
2.453364
2.463686
2.466809
2.461464
3.056208
2.844015
2.463932
2.462394
2.476841
2.461083
2.953762
2.476848
2.457561
2.995742
2.859771
2.468008
2.442635
3.125603
2.965941
2.465561
2.459004
2.452708
2.472232
2.457851
2.473541
2.478897
3.045928
2.4706
2.472458
3.175323
2.456063
2.463052
2.46051
2.476088
2.458685
2.994995
2.480969
2.481327
2.942794
2.46627
2.480926
3.003769
2.461328
2.468537
2.477631
2.448725
2.491025
2.465307
2.496914
2.464615
3.034234
2.958872
2.454926
2.447233
2.472194
2.446149
2.474875
2.46247
2.460435
2.478834
2.455392
2.468437
3.002655
2.448818
2.458262
2.463484
3.077811
2.45852
2.467683
3.054858
2.462109
2.486101
3.113712
2.475671
2.832434
2.451165
2.504004
3.205962
2.88686
2.467931
2.469863
2.494946
3.000139
2.46148
2.4716
2.462836
2.46035
2.479523
2.448714
2.464396
2.48689
3.010545
2.916845
3.127168
2.461358
2.47382
3.071086
2.45842
2.942148
2.466325
3.15115
2.46151
2.462455
3.076652
2.895221
2.453758
2.489072
2.952057
2.45866
2.493093
2.867376
2.956921
3.067737
2.463198
2.46514
2.466578
2.491956
2.480249
2.456627
2.464445
3.022415
2.459037
2.942937
2.803149
2.944097
2.467948
2.956697
2.456849
2.465727
2.480912
2.462717
3.160371
2.472357
2.460467
2.452394
2.462977
2.983342
2.457919
2.463616
2.786631
2.481565
2.458283
2.468083
2.838709
2.470315
3.181579
2.478088
2.932362
2.979562
2.463362
2.474231
3.062381
2.460258
2.886786
2.483734
2.469882
2.491467
2.464826
2.463499
2.897504
2.495771
2.475925
2.46295
2.83632
2.495262
2.488895
2.450399
3.187761
2.464484
2.457511
2.482501
2.471962
2.880369
2.453299
2.452413
2.487869
2.456832
2.482212
2.979684
3.028846
3.031492
2.455076
3.088759
2.841281
2.948421
2.480426
2.470124
2.478029
3.083138
2.490956
2.467319
2.457044
3.144794
2.461898
2.462761
2.465242
3.132665
2.468049
2.460947
2.46535
2.466754
2.467241
2.473624
2.951139
2.475776
2.492768
2.47495
2.944728
2.477644
2.463787
2.47468
3.222855
2.998848
2.492355
2.451887
2.468174
2.884273
2.4471
2.468645
2.874715
3.16794
2.912264
2.486611
2.487333
2.479422
2.454209
2.461631
2.798586
2.469549
2.454659
2.480337
3.090859
2.475856
2.456942
2.453282
2.447949
2.99508
2.474579
2.457642
2.469265
2.460101
2.460885
2.982751
3.039036
2.957431
3.019935
2.452477
2.458329
3.096457
2.468606
2.475727
2.498679
2.45841
3.090916
2.507572
2.993374
2.462469
2.946972
2.946019
2.484998
2.461882
3.066379
2.469007
2.478269
2.451317
3.024507
3.018343
2.471982
2.452451
2.471756
2.458048
2.462022
2.937572
2.730972
3.110849
2.477776
2.483179
3.094102
3.115775
2.480872
2.467401
2.466239
2.951725
2.487527
2.461419
2.470847
2.890749
2.472288
2.454584
3.134847
2.866625
2.484186
2.459616
2.463838
2.927855
2.459334
2.462755
2.496134
3.066674
2.448217
3.1645
2.495974
2.4627
2.468313
2.443699
3.15743
2.46534
2.458814
2.87799
3.002043
3.080972
3.037972
2.464345
2.46874
2.476122
2.466114
2.454929
2.886804
2.470568
2.46924
2.464014
2.461181
2.967319
2.452132
2.489282
2.469677
2.82407
2.460804
2.470236
2.460122
2.468881
2.451103
2.989673
2.951306
3.048329
2.463974
2.448606
2.861338
2.472001
2.463876
2.477163
2.864682
2.869961
2.481882
2.457065
2.477971
2.857702
2.461553
2.473902
2.458885
2.986307
2.45849
2.459802
2.45231
2.485174
2.46738
2.451746
2.760595
2.461093
2.463126
2.465702
3.153463
2.465627
2.462921
2.471677
3.128242
2.467141
2.45261
2.464405
2.926741
3.066271
3.098054
2.463044
2.888781
3.117309
2.933179
2.461033
2.47532
2.450623
2.454407
2.442511
3.081329
2.460246
2.472544
2.457345
2.473608
2.904082
2.459174
2.467369
2.465616
3.039757
2.467781
2.466695
2.457495
2.999969
2.474019
2.477704
2.466045
2.456342
2.457612
3.027264
2.469361
3.132481
2.466305
2.468415
3.006459
3.063498
2.456471
2.952216
2.46194
2.852394
2.462713
2.46808
2.491298
3.003685
2.505655
2.46355
3.058611
2.453126
2.45613
2.476616
2.456994
2.894805
2.463006
2.487224
2.468055
2.453272
2.490152
3.042028
2.476678
2.471411
2.458487
2.891312
2.478727
2.949693
2.793168
2.875888
2.456441
2.98288
3.055699
2.943743
2.473975
2.467695
2.445241
2.473541
2.464893
2.456739
2.459645
2.684995
2.466243
2.461295
2.885606
2.490897
2.452493
2.475091
2.466117
2.454432
2.465453
2.460781
3.030278
2.464038
2.466685
2.47316
2.464716
3.074553
2.463002
2.46444
2.978465
3.039627
2.486825
2.461067
3.062213
2.461897
2.450842
2.492297
2.87064
2.980628
2.467125
2.456349
3.024178
2.461204
2.834106
2.468303
2.464259
2.840299
2.45774
2.503503
2.959878
2.454204
2.485026
2.493462
3.173591
2.462672
2.459459
2.464549
2.460122
2.454566
2.472672
2.460703
2.465886
2.471427
2.452868
3.119069
3.065088
2.4672
2.455484
2.46727
2.469087
2.466775
2.47575
2.517007
2.477707
2.927125
2.471839
2.463254
2.834309
2.458451
2.446202
2.755753
2.466496
2.463874
2.473535
2.459582
2.452965
3.049011
2.47155
2.470217
3.098003
2.474591
2.476369
2.465772
2.468734
2.475823
2.458406
2.465685
2.956139
2.95564
2.498078
2.470996
2.911408
2.858057
2.4627
2.479985
2.728815
2.470285
2.463619
2.461734
2.482724
2.94409
2.938064
2.453324
2.463376
2.461823
2.487738
2.467498
2.982255
2.457208
2.859502
2.481433
2.457344
2.461486
2.497773
2.439733
2.457009
2.461511
2.481569
2.464831
2.470003
2.957013
2.459783
2.829172
3.061987
2.903045
2.457954
2.455035
3.073707
3.003932
3.052076
2.462963
3.006943
2.469058
2.470396
2.457201
3.018933
2.465821
2.948576
2.476432
2.935933
2.463704
2.469815
2.442928
2.478353
2.850519
2.460216
2.493888
2.98707
3.006363
3.036709
3.062026
2.473831
2.469942
3.0259
3.090605
2.470075
2.498738
2.891208
2.463139
2.465855
2.489342
2.460799
2.993596
2.466519
2.478828
2.997723
2.466772
2.468126
2.498982
2.45747
2.489008
2.87938
2.463372
2.480216
2.468493
2.450449
2.464694
2.866434
2.486841
2.972433
2.463141
3.093984
2.869678
2.469859
2.467085
2.972774
2.493028
2.466643
2.460741
2.45257
2.941704
2.454405
2.483674
2.476965
2.456045
2.452044
2.480144
2.455068
2.905208
2.459115
2.480053
2.986476
3.033998
3.09685
2.46194
2.833234
3.089444
2.470082
2.470928
2.466122
2.476244
2.455151
2.461074
2.899806
2.776404
2.463501
2.863893
3.009068
2.859293
2.463499
2.464164
2.980481
2.453768
2.464422
2.46647
3.150421
2.889782
2.458657
2.473186
2.459762
3.083946
2.914273
2.469244
2.911
2.460422
2.461571
2.463623
2.462423
2.46767
2.773292
2.451197
3.177359
2.471138
2.469637
2.467017
2.461431
2.455815
2.475449
2.47457
2.459021
2.940626
2.465317
3.114984
2.903722
2.462872
2.466145
2.480088
3.232725
2.452349
2.472267
2.456689
3.149518
2.468641
2.461399
2.477985
2.467853
2.463843
2.462057
2.459564
2.461742
2.461741
2.456471
2.472219
2.471784
2.770751
2.46722
2.492688
2.897644
2.841389
2.472916
2.475367
3.169196
2.956407
2.446831
2.502808
3.033224
2.468039
2.457182
2.978158
2.466649
2.470986
2.47442
2.461771
3.05433
2.463112
2.469948
2.463073
2.480259
3.127687
2.464241
2.902438
2.897122
3.165362
2.462241
2.456758
2.802012
2.932839
2.477518
2.47433
2.488821
2.463683
2.463227
2.471925
2.469316
2.972632
2.464297
3.041245
3.05166
2.460633
2.450076
2.91517
2.463529
2.463443
2.461765
2.991554
2.477659
2.478549
2.464345
2.953871
2.461867
2.450795
2.476854
2.876521
2.449213
2.458716
2.461837
2.465886
2.45501
2.46357
2.693867
2.876746
2.464883
2.463036
2.886678
2.460499
2.471068
2.480376
2.838322
3.049948
2.455184
2.459965
2.452887
2.485965
2.466654
2.464501
2.929583
2.46804
2.46572
2.457393
2.462815
3.117898
2.458809
2.456732
3.134316
2.457499
3.099571
2.457488
2.92613
2.466456
2.456873
2.474376
2.908838
2.497995
2.464358
2.467646
2.460882
2.462086
2.453903
2.467428
2.749986
2.974104
2.461148
2.462247
2.465719
2.989271
2.464862
2.457683
2.486835
2.963536
2.991269
2.49191
3.16679
2.859575
3.132969
2.953847
3.051916
2.469236
2.471223
2.449405
2.868052
2.898964
2.466464
2.470277
2.461049
2.465598
2.459746
2.465736
2.898186
2.478116
2.464421
2.463814
3.068375
2.816402
2.460453
2.467455
2.456649
2.998032
2.470824
2.460816
2.453586
2.932708
2.478227
3.065217
3.082471
2.465406
2.460387
2.455456
2.467889
2.942715
2.470707
2.802578
2.475572
3.134865
2.462721
2.463117
2.447485
2.454054
2.447605
2.465208
2.468611
2.90555
2.464685
2.460447
2.862328
2.73359
2.457264
2.452437
2.478126
2.884709
3.003371
2.470323
2.462849
3.069261
2.468331
2.457751
2.749964
3.060807
2.461792
2.469778
2.46315
3.026172
2.461093
2.477325
2.467444
2.478745
3.029123
2.468976
2.954252
2.758598
2.467184
2.470297
2.852514
2.467963
2.473979
2.46973
3.011443
3.104973
2.463656
2.472508
2.456745
3.095253
2.465943
2.454879
2.458325
3.000356
2.472538
2.477664
2.461158
2.481351
2.462529
2.45713
2.858357
2.46477
3.033091
2.45761
2.466648
2.467536
3.078614
2.48434
3.041191
2.489732
2.456436
3.050806
2.459943
2.47638
2.460899
2.467849
2.460325
2.45667
2.993924
3.072646
2.4582
2.463191
2.464617
2.900945
2.454401
2.458566
2.447866
2.467038
3.047415
2.481158
2.999935
2.47558
2.46792
2.458943
3.080586
2.461101
2.455111
2.480843
2.463732
3.10763
3.012046
2.476942
2.826011
2.462958
2.462287
2.461763
3.106162
2.446587
2.464316
2.459498
2.693739
3.060397
2.452327
2.469896
2.961058
2.932684
2.455485
3.0443
2.453927
2.466794
2.456507
2.517722
3.046928
2.886856
2.462975
3.071492
2.470943
2.992694
2.479197
2.451163
3.054703
2.955793
2.461047
2.453941
2.456088
2.851757
2.475807
2.4598
2.459245
2.458729
2.460201
2.457321
3.024369
3.121987
2.467247
2.470864
2.473426
3.028333
2.469242
2.46749
2.459547
2.490721
2.465913
2.461403
2.982495
2.970948
2.471015
2.467566
2.464216
2.865079
3.09236
2.460181
3.12028
2.46334
2.456023
2.470527
2.983419
2.456243
2.459873
2.460644
3.040467
2.44821
2.451408
2.464235
2.825937
3.00717
2.46816
2.461443
2.479623
3.052627
2.446487
3.059571
2.857041
2.900083
2.455633
2.457227
2.467023
2.986079
2.47381
2.464998
2.483366
2.872295
2.466402
2.852042
2.9441
2.867774
2.481967
3.018358
2.954525
2.458416
2.502143
2.471117
2.776961
3.099054
2.45502
2.453672
2.459
2.467612
2.471824
2.46466
3.050867
3.013155
2.474619
2.455243
2.473319
2.922973
2.463932
2.458435
2.456184
2.461625
2.472143
2.478872
3.090414
2.466287
2.457529
2.456421
3.087887
2.881851
2.871156
2.456528
2.478343
2.473767
2.470262
2.900431
2.479641
2.478268
2.473591
3.127392
2.453481
2.455456
3.150261
3.031334
2.455735
2.457585
3.06223
2.918198
2.469769
2.465912
3.156182
2.458587
2.455923
3.083875
2.470824
2.480081
2.455273
2.456906
2.465557
2.460176
2.463824
3.049523
2.467078
2.991511
2.468619
2.503499
3.074021
2.46976
2.493293
2.470791
2.459221
2.964979
2.978231
2.476015
2.854861
2.947364
3.10158
2.462522
2.788716
3.085109
2.466814
2.463099
2.93039
3.072749
2.468413
2.472016
2.472975
2.507727
2.475251
2.480007
2.455141
3.10779
2.476244
2.769828
3.086838
2.472799
2.459113
2.464787
2.471335
2.450081
2.465649
2.450323
2.470237
3.049928
2.461322
2.452526
3.02549
3.055624
2.460555
2.475297
2.923121
2.960565
2.461221
2.468041
2.47346
2.481031
2.471688
2.465794
2.471499
2.461807
2.473908
2.923065
2.464477
2.457564
2.458113
2.467109
2.457801
3.004452
2.464737
2.460434
2.458884
2.870926
2.768841
2.469039
3.143418
2.463751
2.477192
2.500645
2.468148
3.192437
2.457435
2.461471
3.002224
3.031043
2.472089
2.475925
2.471883
2.918629
2.470055
2.475896
3.021685
2.930326
2.471314
3.005224
3.000753
2.473453
2.476354
2.457543
2.451131
3.047019
2.467488
2.454341
2.471616
2.467235
2.461037
2.473212
2.4647
2.787569
2.473774
2.47841
2.890245
2.470876
2.468601
2.477049
2.505957
2.469569
2.458829
2.453136
3.030409
2.755638
2.47223
2.487106
3.061524
2.469366
2.463846
2.447261
2.878742
2.974308
2.456664
2.468154
3.006638
2.471064
2.462587
2.467748
2.468976
2.465704
2.990893
2.465238
2.987309
2.447777
2.468493
2.467735
2.45013
2.481093
3.170634
2.76407
2.461882
2.472315
3.09998
2.480148
2.454003
2.457132
3.057323
2.455389
2.479309
2.466726
2.458259
3.037429
2.46719
2.473464
2.485507
2.46166
2.461361
2.844447
2.46344
2.833738
2.467683
2.469647
2.993444
2.814165
2.46678
2.463638
3.033644
3.074567
2.458113
2.478855
3.005058
3.013145
3.004231
2.469601
2.475449
2.458363
2.466765
2.456072
2.473499
2.460258
2.462711
2.485468
2.484459
3.118238
2.45149
2.854337
2.472034
2.937712
2.447132
2.461996
2.470362
2.990136
2.465206
2.453326
3.002081
2.450641
2.464966
2.47015
2.458407
2.486808
2.465759
2.472769
2.464033
2.721237
2.442309
2.467387
2.485849
2.471392
2.468752
2.466626
2.464866
3.099949
2.471749
2.465751
3.001079
2.472299
2.497197
2.459692
2.466246
2.925922
2.455305
2.470547
2.477698
2.927443
2.469557
2.476877
2.925035
2.891075
2.466794
2.453278
2.899187
2.884598
2.455016
2.45967
2.479112
2.457393
2.471997
2.471057
3.071101
2.764492
2.458759
2.472764
2.870303
2.466179
2.467364
2.465514
3.022586
2.463999
2.462487
2.463734
2.447786
2.473987
2.927719
2.473928
2.467419
2.943381
2.471233
2.991203
3.035757
2.446879
2.462802
2.453475
2.476532
2.458075
2.455708
2.452937
2.458839
2.892839
2.457394
2.470241
2.464102
2.463213
2.457999
2.452309
2.462005
2.454134
2.470616
2.450043
2.445631
2.947913
2.467978
2.458731
2.725616
2.459284
2.476331
3.09365
2.470049
2.968468
2.484318
2.468732
2.9668
3.010878
2.4593
2.48892
3.086988
2.794473
2.466012
2.452405
2.968587
2.461672
2.46274
2.461304
2.473848
2.45695
2.476001
2.454388
2.462131
2.458045
2.481846
3.023944
2.458803
2.459648
2.458044
3.048092
2.452888
3.100867
2.453304
2.853503
2.46864
2.47235
2.860059
3.076049
2.44986
2.481425
2.467717
3.066642
2.470939
2.485283
2.473315
2.455063
2.479793
2.463146
2.668706
2.965741
2.470476
2.463193
2.459897
2.843779
2.454519
2.465019
2.46044
2.456974
2.469245
2.457991
3.020046
2.948005
2.464535
2.493007
2.472559
3.092201
2.465972
2.464332
2.962808
2.461044
2.466669
2.453158
3.125313
2.462765
2.459281
2.456369
3.064902
2.792156
2.486794
2.46553
2.470576
2.478581
2.457571
2.463136
2.465944
2.989433
2.470082
2.469164
2.452222
2.459049
2.889389
2.469611
2.958855
2.45431
2.474366
2.482582
2.776932
2.458543
2.47444
2.462761
2.772449
2.465908
2.465344
2.466849
2.453159
3.110036
2.474923
2.467023
2.461527
2.481366
2.464421
2.460724
2.83574
2.993026
2.478411
3.042599
2.936692
2.988994
2.452487
2.466376
2.860417
3.089953
3.211783
2.465037
2.462727
2.478139
2.457166
2.46329
2.991816
2.454482
2.46804
2.494725
3.079392
2.678274
2.481739
2.466419
2.866579
2.454438
2.471336
2.50954
3.112773
2.847132
2.480628
2.460542
2.457952
2.452783
2.470236
2.469109
3.088293
3.036547
2.91269
2.452087
2.485542
2.461673
2.472709
2.470481
3.022494
2.454533
2.455955
2.454054
2.950287
2.465579
2.461723
2.480942
2.469788
2.932953
2.458399
2.466584
3.168727
2.461557
2.488733
2.859334
3.155291
2.464863
2.457766
2.472729
2.939739
2.938872
2.968404
2.467232
2.458362
2.943522
2.451499
2.487554
2.471055
2.474493
2.482413
2.458768
2.974739
2.910223
2.455345
2.466612
2.473828
2.930757
3.018754
3.023614
2.461203
2.472989
2.819314
2.973217
2.464304
2.473367
2.77086
2.451051
2.469163
3.058804
3.049706
2.460724
2.460482
2.473874
2.462488
3.088558
2.826165
2.459885
2.93677
2.469726
2.449964
2.46169
2.475125
2.458479
2.895664
2.483189
2.947086
2.466368
2.507296
2.469129
2.476563
2.453344
2.462902
2.462893
2.464484
2.906678
2.468729
3.122768
3.155019
2.465609
2.45346
2.459284
2.469999
2.460215
2.460822
2.465474
2.455715
3.029269
2.462187
2.471485
2.445888
2.4724
2.46236
2.462665
2.481365
2.463926
2.457064
2.466043
3.09061
3.066411
2.451001
2.459485
3.13303
2.925803
2.482325
2.488636
2.934769
3.154684
2.453804
2.476534
3.106187
2.45191
2.472896
3.147268
2.469725
2.44321
2.483945
2.47957
3.187097
2.45138
2.448463
2.454661
2.459211
2.467652
3.108233
2.46756
2.495184
2.455736
2.473193
2.474468
3.10868
2.490257
3.233489
2.477576
2.98512
3.120499
2.464598
2.455007
3.091829
2.463785
2.452824
2.458104
2.465697
2.975772
2.463271
2.470049
2.961198
2.446764
2.460049
2.462367
3.024177
2.463244
2.978287
2.463835
2.481638
3.236871
3.093285
2.468655
2.789112
3.175816
2.454539
2.459427
2.992424
2.475594
2.480676
2.456898
3.023128
3.049223
2.465304
3.131113
2.910532
3.096304
2.467838
2.469462
3.117424
2.457052
2.469716
2.463557
2.897383
2.902446
2.458274
2.467639
2.471374
2.968634
3.093761
2.459536
2.861584
3.093731
2.474979
2.462718
2.459554
3.015833
2.465827
3.078637
2.880202
2.914488
2.451986
3.067813
2.960044
3.019654
2.47323
2.476263
2.830608
2.463766
2.461353
2.465812
2.463598
2.861574
2.454512
2.812173
2.465441
2.466432
2.459623
2.902439
2.461649
3.010259
2.449712
2.948313
2.453941
2.96445
3.126806
2.459975
2.473688
2.466204
2.820199
3.222162
2.943125
2.455877
2.472959
2.459144
2.488955
2.471002
3.040643
2.46701
2.47189
2.467962
2.898493
2.938422
2.46426
2.455543
2.46573
2.989652
2.462786
2.477877
2.469441
2.902697
2.46031
3.107931
3.116863
2.460794
2.466848
2.461877
2.923125
2.461075
2.457978
2.468722
2.987721
2.468255
2.46207
2.4557
3.155403
2.765396
3.137826
2.463441
3.061987
2.862868
2.476202
2.47999
2.457379
2.466701
2.47018
2.49365
2.986078
3.010753
2.819809
2.460587
2.454319
2.999284
2.477925
2.449822
3.064912
3.154572
2.46148
2.452021
2.487249
3.036077
2.468681
2.469469
2.465501
2.466331
2.977934
2.488569
2.943799
3.064563
2.469693
2.471802
3.005399
2.467605
2.453285
2.462378
2.779219
3.083089
2.469095
2.460903
2.470904
2.461485
2.45981
2.456449
2.994042
2.453469
2.468759
2.46241
2.46073
3.101029
2.459419
2.920169
2.457015
3.070697
2.46138
2.473116
2.458414
2.982076
2.478
2.973178
2.461088
2.476053
3.056723
2.454522
3.008048
2.453715
2.479091
2.462009
2.455729
2.458016
2.466874
2.455885
3.015748
3.063722
2.49162
2.470828
2.460169
3.083881
2.985129
2.465208
3.033285
3.053215
2.956521
3.047953
2.98235
2.486101
2.473421
2.471038
3.120721
2.913412
2.46407
2.485694
2.457543
2.454851
2.457497
2.493843
3.005149
2.92118
2.45801
2.462179
2.966592
2.858068
2.45444
2.448687
2.466719
2.451236
2.479402
2.474215
2.934616
2.47165
2.452955
2.917336
3.111852
3.04494
2.462566
2.475483
2.500424
2.469536
2.926145
2.468708
2.45517
2.469762
3.152806
3.20179
2.97943
2.469415
3.027252
2.970039
3.155881
2.447098
2.480104
2.453829
2.453381
2.468826
2.936937
2.473688
2.465518
2.470789
2.995118
3.032268
2.473829
2.463197
3.006366
2.467723
2.4605
2.457034
2.866447
2.988049
2.466187
2.457164
2.499615
2.449519
2.460075
2.794112
3.143237
2.84832
2.466741
2.473817
2.874917
3.142869
2.461968
2.900561
2.455766
3.030868
2.467204
2.457666
2.45576
2.844091
2.467237
2.473994
2.864081
2.455361
2.463522
2.450527
2.467407
2.801483
2.458928
2.453027
2.484255
3.023276
2.482637
2.921851
2.460816
2.477398
2.442278
2.47296
2.875713
2.455764
2.476492
3.038313
3.031181
2.991243
3.018851
2.466096
2.453247
2.464615
2.505394
2.461537
3.028122
2.468616
2.453103
2.4613
3.029451
2.862058
2.485573
2.456991
2.833964
2.468566
2.821354
2.470785
3.235467
2.473926
2.460607
2.935753
3.114442
2.915646
2.47216
2.476769
2.465765
2.462953
2.471224
2.494525
3.073394
2.895191
2.462531
2.470672
2.458663
3.004437
2.454293
2.462833
2.475458
3.088839
2.459674
2.473339
2.461152
2.451608
2.462824
2.444217
3.03354
2.464319
2.463478
2.452559
2.956093
2.948553
2.469327
2.468082
2.468907
2.465062
2.446929
2.983606
2.831392
2.462449
2.476126
2.466755
2.455706
2.464658
2.464477
2.497
2.924345
3.13293
3.045384
2.472093
2.457695
3.190079
2.486748
2.470613
2.454954
3.130944
2.454052
2.467083
2.455756
2.913642
2.461347
2.469401
2.461058
2.817428
2.470355
2.477223
2.476882
2.468341
2.470951
2.874465
2.486635
2.833277
2.463072
2.472834
2.450779
2.477569
3.027086
3.052706
2.462881
2.483994
2.956375
2.880026
2.469067
2.472593
2.939168
2.459394
2.481081
2.471831
2.465947
2.931821
2.964978
2.475665
2.447855
2.470578
2.462404
2.468143
2.478519
3.006946
2.454099
2.461717
2.460433
2.714475
2.440748
3.119975
2.895733
2.967826
2.459449
2.954266
2.976918
3.085169
2.453436
2.469449
2.45864
2.456434
2.460144
2.472398
2.464305
3.063736
3.10613
2.462147
3.151478
2.484699
2.461757
2.470964
3.007025
2.476056
3.088855
2.47345
3.101275
2.473915
2.456076
2.466871
2.461756
2.949697
2.456184
2.467522
2.975562
3.035973
2.453034
2.484774
2.959289
2.445489
2.45736
2.479957
3.133232
2.999589
2.459694
2.466547
3.088368
2.475711
3.126788
2.504512
2.451844
3.065284
2.462324
2.467357
3.042762
2.463022
2.463855
3.11262
2.452412
2.942973
2.451392
2.715594
2.879818
3.123222
2.452384
2.468388
2.451919
3.070649
2.479126
2.468361
2.447104
2.459533
2.467508
2.883558
3.25016
2.953542
2.463057
2.468349
2.952028
3.021383
2.464481
2.447502
2.955445
2.454421
2.485966
2.851313
2.463511
2.474644
2.476558
2.455916
2.460504
2.950307
2.464191
2.477714
3.097214
2.464705
2.476108
2.472216
2.454031
2.468296
2.496955
2.475027
2.961993
2.463012
2.466774
2.451002
3.246331
2.945721
2.443583
2.456349
3.108844
2.885332
2.469771
2.461799
3.127886
2.472953
2.938964
2.474402
2.464345
2.915111
2.463498
2.472898
2.851319
2.467513
3.182722
2.475686
2.463001
2.455383
2.483203
2.457079
2.45452
2.466438
2.475437
2.464532
2.457981
3.056074
2.491494
3.060785
2.899843
2.902982
2.441833
2.456076
2.818221
2.468095
2.953842
2.875706
2.483794
2.495548
3.090811
2.853727
2.926652
2.461698
2.890961
2.909401
2.467059
2.473979
2.986519
2.461889
2.457934
2.467932
2.810244
3.154273
2.462342
2.48166
2.464655
2.884614
2.471268
2.466424
2.856561
2.994261
2.461028
2.462227
3.044816
2.791793
2.474856
2.457384
2.473617
2.453482
2.504161
2.470572
3.007858
2.93282
2.452994
2.46571
2.95291
2.465385
2.483117
2.964325
2.470082
2.905483
2.467842
2.464682
2.465615
2.940644
2.460552
3.076072
2.862678
2.460529
2.466435
2.901118
2.453043
3.017076
2.457309
2.44812
3.051402
2.884747
3.0935
2.455015
2.467054
3.078942
2.448217
2.464641
2.46889
2.464113
2.462269
2.457942
2.493849
2.457782
2.466236
2.464002
2.471556
2.885315
2.455677
2.47328
2.862777
2.471121
2.467009
2.889958
2.480857
2.96357
2.473701
2.458399
2.933277
3.095659
2.478742
2.471354
3.034643
3.148282
2.458723
2.458202
3.033102
2.838107
2.908399
2.464321
2.457991
2.464812
2.45486
2.448044
2.459863
2.993623
3.117862
2.479933
2.937673
2.50021
2.960236
2.451662
2.470483
2.49465
2.453421
2.473477
3.107884
2.482193
2.480708
2.454075
2.481412
3.185022
2.472539
2.463492
2.75353
3.149638
3.007918
2.491731
2.459515
2.826914
2.474249
2.483411
2.457748
2.458166
2.456894
2.465693
2.464427
3.066496
2.463798
2.467145
2.973244
2.466618
2.461366
2.490312
2.47164
2.789749
2.487824
2.466656
2.458054
2.936362
2.470594
2.899753
2.998119
3.009257
2.473309
2.473449
2.820317
2.713092
2.474187
2.468126
2.459301
3.082416
3.045227
2.462488
3.10714
3.176833
2.461884
2.467748
2.962837
2.968436
2.982504
2.732136
2.457408
2.78936
2.473314
3.05967
2.464561
2.447579
2.46696
2.818125
2.480903
2.455763
2.482304
2.459446
2.452737
2.461353
2.948016
2.457682
2.451677
3.121639
3.044061
2.45613
2.453729
2.476309
2.921566
2.733495
2.471981
3.063039
2.901756
3.142128
2.469095
2.473266
2.954903
3.094481
2.99982
2.468521
2.462291
2.464778
2.461636
2.462605
2.98458
2.47264
2.459849
2.459991
3.016424
2.473828
2.456893
2.46381
3.14312
2.458812
2.460672
2.462675
2.968295
2.462412
2.493019
2.940658
3.0449
2.982947
2.460132
2.447541
2.888475
2.480056
2.794323
2.47091
2.461078
2.463658
2.470405
2.456676
3.036812
2.472279
2.459152
2.451488
2.828009
2.469098
2.464307
2.459929
2.455318
3.039774
2.473581
2.503161
2.902503
2.467472
2.448673
2.979803
2.896873
2.46968
2.46512
2.46491
3.025631
2.972204
2.460749
2.467036
2.456434
3.079343
2.461644
2.460762
2.455906
2.467082
2.454412
2.481111
3.108814
2.926946
2.491859
2.462605
2.457711
2.951796
2.476843
2.47664
3.057555
2.96733
2.456713
2.469064
2.76019
2.465508
2.472808
2.464708
3.152059
2.46433
2.471372
2.825539
3.069155
2.97218
2.461673
2.471248
2.47045
2.4678
2.465275
2.449467
2.452742
2.454089
3.03769
2.460769
2.779561
2.448118
2.451152
2.458443
3.145372
2.45617
2.47581
2.470514
3.009606
2.456516
2.461521
2.450119
2.475509
2.987448
2.486704
2.478331
2.477677
2.467861
3.060183
2.482632
2.797199
3.180308
2.469557
2.45288
2.482371
3.047748
2.840833
2.454699
3.174753
3.11666
2.967171
2.45305
2.471467
2.470251
2.457765
2.465018
2.939268
2.472018
2.860526
2.478499
2.45581
2.469662
2.807345
2.455111
2.492266
2.45647
2.80207
2.841044
2.466311
2.466426
2.457761
2.972709
2.456048
2.920432
2.97568
2.840991
2.46231
2.459969
2.479098
2.461714
2.967018
2.464032
3.052051
2.459994
2.454584
2.449121
2.953563
2.456721
3.098662
2.469079
2.464726
3.108202
2.476433
2.457208
2.466329
2.460892
2.475272
2.465169
2.892269
2.812555
2.485733
2.463076
3.174301
3.034188
2.45144
2.476033
2.46677
2.885093
2.449997
2.474202
2.460676
2.473874
2.486994
2.496332
3.098175
2.469795
2.46176
2.467144
2.986712
2.866963
2.834845
2.445991
3.008888
2.459724
2.493966
2.454842
2.930607
2.474192
2.478795
2.458042
2.797973
3.1064
2.468378
2.452897
2.972505
2.939337
2.466983
2.988634
2.454737
2.474563
2.456359
2.457365
2.850065
2.461844
2.461863
2.459863
2.91933
2.460887
2.778412
2.474896
3.059785
2.457675
2.467283
2.465615
3.0925
2.448594
2.465338
2.451336
2.960425
2.810428
2.468925
2.461231
2.458418
2.462982
2.46456
2.467407
2.468021
3.12225
2.466465
2.453054
2.463729
2.488518
2.456877
2.460159
3.010744
2.997947
2.454637
2.467124
2.462292
2.688574
3.069267
2.473125
2.937368
2.451381
2.473358
2.457741
2.998095
2.465722
2.490761
2.991705
3.199484
2.479121
2.465089
2.477926
2.9476
2.904547
2.45213
2.454853
2.453758
2.451958
2.452314
2.46543
3.115994
3.05626
2.470489
3.135558
2.46472
2.796211
2.460647
2.475672
2.46329
2.995047
2.476568
2.963848
2.867797
2.897294
2.455548
2.464462
2.460824
3.021893
3.216026
2.452021
3.130759
2.468153
2.497135
2.465748
2.451338
2.912841
2.938876
2.463071
2.482348
2.469833
2.461822
2.46006
2.484961
2.476041
2.839123
2.46741
2.893617
2.446043
2.470749
3.09307
2.456781
2.457645
2.472244
2.458611
3.118019
3.09793
2.45681
2.916456
2.859211
2.45188
2.462183
3.167133
3.009682
2.468293
3.15938
2.475868
2.975962
2.449921
2.462475
2.460833
2.455996
2.451483
2.460893
2.460986
3.003238
2.456832
2.930133
3.028556
2.469861
2.487516
2.446347
2.463256
2.467445
2.456405
2.467841
2.467664
3.027725
2.458392
2.458906
3.001984
2.946107
2.455786
2.457866
3.044746
2.747516
2.445933
2.464015
2.464665
2.456153
2.484752
2.469416
2.871995
3.124644
3.008331
2.466596
2.989416
2.461132
2.493005
2.459706
2.954198
2.447465
2.463166
2.470102
2.80786
3.105228
2.469806
2.466405
2.454409
3.008098
3.015536
2.46163
2.808907
3.009323
2.453
2.461868
3.064503
3.05233
2.458274
2.480421
2.472716
2.964858
2.462719
2.470632
3.1356
2.754147
2.452851
2.880848
2.879679
2.458584
2.462739
2.465833
2.476623
3.096126
2.455546
2.501715
2.462739
3.032542
2.465721
2.466842
2.470691
3.12416
2.471994
2.460319
3.032608
3.052247
2.464276
2.489389
3.150723
2.943578
2.484214
2.466338
2.8639
2.458132
2.484399
2.464469
2.932928
2.4981
2.461825
2.464558
2.845841
2.932786
2.473291
2.489626
2.871946
2.461947
2.470583
2.454005
2.465328
2.459373
2.950668
2.465985
2.887568
2.44844
2.468207
2.472819
2.460649
3.03342
2.914129
2.48541
2.933806
2.971393
2.462075
2.452071
2.852817
3.153484
2.459803
2.482211
2.453115
2.446553
2.466984
2.453633
2.46333
2.832567
2.466982
2.870647
3.011824
2.464919
2.581498
2.956415
3.10057
2.469201
2.466911
2.459696
2.487953
2.480807
2.980224
2.456381
2.45723
2.454664
3.001486
3.04075
2.475524
2.466268
2.827051
2.46481
2.958405
2.48037
3.068617
2.927872
2.472644
2.457275
2.463971
2.464307
2.471168
3.141713
2.825704
3.190158
2.47369
2.483727
2.951945
3.070899
2.470149
2.461602
2.452226
3.062261
2.459868
2.478329
2.46165
3.164928
2.470265
2.453912
2.915097
2.474132
2.453729
2.466602
2.493049
2.97862
2.454096
2.484977
2.460258
2.702838
2.459305
2.459125
2.473421
2.482509
2.47789
3.215037
3.048297
2.463013
2.452357
2.466454
2.749464
3.088325
2.961934
2.447413
2.464906
2.452983
2.47353
2.471343
3.144693
2.477302
2.463417
2.4562
2.460882
3.130695
2.455773
2.467112
2.456337
2.985867
2.473403
2.462989
2.462993
2.46001
2.475753
2.957761
3.044977
3.058991
2.451326
2.462704
2.475388
2.475489
2.466526
2.461521
2.782293
2.890857
2.460641
2.457364
2.476992
2.991089
2.463094
2.467326
2.468369
2.853227
2.461578
2.492727
2.471477
2.44182
2.461472
2.496105
2.939355
2.471345
2.468507
2.46303
2.895655
2.463155
3.004123
2.455233
3.200968
3.033974
2.988344
2.480002
3.073175
2.48143
2.469592
2.477574
2.480167
2.472238
2.468622
2.482019
2.959466
3.07488
3.128816
2.473922
2.446669
2.798158
2.465439
2.453436
2.468539
3.108639
2.463261
2.470783
2.46015
2.93965
2.455047
2.483219
2.475698
2.953373
2.467539
2.489397
2.473403
2.477127
2.474542
3.070952
2.456849
3.03884
2.474677
2.455866
3.02869
2.784915
2.479585
2.493857
2.448278
2.920598
2.467053
2.462223
2.473228
3.122121
2.451687
2.454459
2.463571
2.44712
2.454334
3.133857
2.900899
2.451648
2.474121
2.488783
2.459223
2.959653
2.479521
2.964827
2.463621
3.019627
3.131732
2.89908
2.461629
2.4588
2.457967
3.137072
2.473399
3.138641
3.0381
2.918855
2.453421
2.466791
2.465546
2.444357
2.457641
2.482622
2.450486
2.87681
2.460683
2.465399
3.043807
2.460235
2.460796
2.919001
2.463169
2.45565
2.469405
2.462302
2.96672
2.460989
2.469894
2.476195
2.466171
3.054937
2.500414
2.479412
3.00855
3.145741
2.464755
2.472485
3.032079
2.456734
2.472085
2.466556
2.877817
2.906147
2.470434
2.468455
3.029704
2.46731
2.90292
2.473177
2.463252
2.873317
2.465983
2.492029
3.020686
2.465041
2.473493
2.468952
3.045531
2.457627
3.074062
2.46319
2.465741
2.452221
2.473572
2.478364
2.455591
2.451901
2.458282
2.466463
2.468309
2.459885
2.478235
2.99451
2.952327
2.939495
2.459262
2.463387
3.000657
2.788961
2.458171
2.458249
3.125069
2.463361
2.462785
2.463965
2.457209
2.454173
2.461669
2.457592
2.462843
3.066993
2.46804
2.485293
3.086097
2.4594
2.463478
2.460379
2.480126
2.461527
2.467388
2.464306
2.82997
3.110279
2.464042
2.457224
3.002506
2.936828
2.476453
2.470254
2.728081
3.089361
2.466702
2.455799
3.149587
2.466801
3.092735
2.491132
2.450278
2.943149
2.452166
2.464003
2.741995
2.46003
2.472581
2.470436
2.461714
2.467777
2.461871
2.479687
2.455629
2.465652
2.467887
2.471029
2.452254
3.12764
2.460661
2.884765
3.026304
3.047045
2.45737
2.463602
2.846081
3.071501
2.468233
2.456603
3.030872
2.46209
3.01803
2.447753
3.218283
2.458841
2.449449
2.463558
2.451587
2.448982
2.459982
2.462057
2.468451
2.470049
2.460364
2.856953
2.45703
2.460063
3.157666
2.936292
2.452459
2.474371
2.913121
2.958918
2.454405
2.459789
2.7256
2.454515
2.449862
2.470979
2.454001
3.072548
2.469568
2.458755
2.953005
2.463536
2.455344
2.455149
2.482909
2.458852
2.465535
2.464626
2.461179
2.459294
3.151748
2.480166
3.061521
2.464942
2.474623
2.475568
2.454096
2.479971
2.474573
2.471336
2.471172
3.038757
2.455978
2.901363
2.827452
2.458862
2.461098
2.474566
2.490506
2.46079
2.45116
2.474724
2.469101
2.994031
2.470304
2.466522
2.462654
2.851957
2.983857
2.462474
2.951245
2.963396
2.460889
2.453312
2.468009
2.45057
2.474147
2.488566
3.142201
3.003251
2.470867
2.453844
3.075316
2.87079
2.481769
2.466906
2.913741
2.473948
2.461251
2.878376
2.775469
2.462641
2.453096
2.450455
2.4842
2.768287
2.998604
2.448369
3.032367
2.453665
2.984873
2.466764
2.465378
2.45824
2.456322
2.474171
3.070071
2.458651
3.103157
2.459878
2.465931
2.448116
2.470849
2.494081
2.462164
3.173404
2.45826
3.168365
2.969948
2.463632
2.462337
2.488244
3.090006
2.45931
2.466854
2.449492
2.849293
2.469042
2.860597
2.475385
2.485103
2.463486
2.454107
2.466066
2.461316
2.444433
2.462474
2.481379
3.127581
3.128227
2.464502
2.484658
2.903698
2.99864
2.467197
3.052026
3.041096
2.997273
2.470615
2.460886
3.080001
2.467329
2.457302
2.808321
2.460266
2.47416
2.455639
2.462856
3.040295
2.460006
2.457705
2.458825
2.458795
2.927598
2.458359
2.467545
2.4542
2.987412
2.466953
3.113605
2.963289
2.896577
2.462818
2.992886
2.477722
2.460741
2.457553
2.879985
2.457008
2.465215
3.020621
2.928254
2.481998
2.466014
2.476258
2.968341
2.457449
2.471996
2.471063
3.028829
2.457632
2.834589
2.501541
2.900557
2.461592
2.476427
2.449657
3.017304
2.457177
2.469893
2.469238
2.471641
2.472093
2.463515
3.042885
2.857079
2.46727
2.469283
2.912994
2.477792
2.462335
2.475122
3.051475
2.982844
2.457045
2.457047
2.47723
2.967553
2.459039
2.472339
2.455195
3.024382
2.475413
2.465257
2.454406
2.451719
2.491879
2.457916
3.001536
2.471055
2.465672
2.471663
3.046778
2.465922
2.453079
2.457363
2.823922
2.904089
2.45462
2.467373
2.451009
2.481599
2.464004
2.446263
2.754085
3.133962
2.461662
2.453251
2.469646
2.98365
2.991872
2.469239
2.466381
3.059394
2.4606
2.455983
3.146047
2.833086
2.467878
2.943068
3.122378
2.471574
2.462968
2.461722
3.006115
2.979756
2.826912
2.460217
2.479079
2.470205
2.468027
2.459009
2.973738
2.459357
2.470188
2.455868
3.051058
2.937575
2.473593
2.468757
2.465425
3.208756
2.479403
2.476432
2.466555
2.924261
2.472077
2.969415
2.994368
2.467727
2.479904
3.138545
2.454942
2.924443
2.467444
2.455651
2.486678
2.957338
2.465588
2.987367
2.46257
2.458535
2.970343
2.477155
2.96223
2.962236
2.462082
2.467918
2.466922
2.462202
2.475072
2.46557
3.051217
3.014812
2.484134
2.455818
2.469083
2.933205
2.954394
2.454843
3.044088
2.964554
2.964383
2.471333
2.443909
2.997378
2.476116
2.466244
2.470179
2.463299
2.961164
2.47041
2.99396
2.863397
2.512016
2.458389
3.008767
3.059753
2.460703
2.469124
2.948896
2.998706
2.451239
2.470132
2.469129
2.477073
2.465893
3.106541
2.453453
2.975015
3.068223
3.087038
2.465371
2.463533
2.470751
2.466623
2.470316
2.456558
3.04932
2.452869
3.150954
2.456524
2.824405
2.505825
2.451564
2.460604
2.454696
2.971639
2.486639
2.461574
2.450269
2.47195
2.461488
2.448469
2.964798
2.928177
2.468837
2.46245
2.466296
3.138519
2.46897
2.459713
2.474979
2.456218
2.47412
2.451439
3.104531
2.464381
2.462688
2.467774
3.050847
2.459776
2.467903
2.468913
3.00457
2.969872
3.000637
2.451585
3.137742
2.456232
2.462608
3.072036
3.049272
2.465308
2.46081
2.465856
2.942733
2.988681
2.468056
2.468573
3.017912
2.97794
2.453558
3.106573
2.472199
2.457205
2.461005
2.46069
2.931515
2.860578
2.455771
2.47497
2.470928
3.020688
2.476805
2.997257
2.815544
3.043312
2.465943
2.795458
3.044891
2.467403
2.454271
2.457537
2.899528
2.894466
2.455238
2.445076
2.472802
2.460938
2.449671
2.478922
2.46018
3.047547
2.448071
2.46705
2.456976
2.459372
3.084485
2.458341
2.969804
2.951463
2.448143
2.457109
2.460764
3.098586
2.807589
2.465507
2.785872
2.464863
2.488797
2.462685
3.000694
2.480293
2.484171
2.465107
2.985747
2.469305
2.451772
2.464673
3.061515
2.760906
2.459681
2.464406
2.46303
2.452684
2.475948
2.477716
3.154725
2.879686
2.455974
3.010566
2.461813
3.109695
2.457466
2.954965
2.489795
3.000006
2.481168
2.45899
2.970077
2.975011
2.478571
2.45532
2.760193
2.473399
2.469722
2.457823
2.983357
3.022517
2.47131
2.460398
2.468768
2.464864
2.465785
2.462947
2.474996
2.8888
2.470891
2.461327
3.004163
2.966214
2.464526
2.464486
2.489449
2.460792
2.925605
2.868417
2.456816
2.993239
2.893567
2.487796
2.453891
2.461132
2.479677
2.97287
2.475506
2.464668
2.474437
3.019694
2.453063
2.463795
2.456731
3.012269
2.458794
2.481918
2.905293
2.973152
2.474316
2.487891
3.027875
3.038417
2.47888
2.504021
3.022346
2.461268
2.453275
2.456638
2.45087
2.462582
2.469656
3.092553
2.47019
2.473454
2.462277
2.477162
2.4698
2.814184
2.45874
2.460551
2.459041
2.454653
2.836033
2.468108
3.101819
2.463296
2.464927
2.481786
2.44585
3.00592
2.478438
2.460795
3.072023
3.142291
3.041552
2.497488
3.169408
2.906625
2.865917
2.461804
2.44979
2.498739
2.471715
2.460129
2.462348
2.863384
2.450481
2.881412
2.77858
2.465989
2.471357
2.460689
2.476977
2.453243
2.455437
2.459774
2.472382
2.842032
2.457304
2.476206
2.97777
2.457428
2.470846
2.45326
2.464165
2.471755
2.456991
2.467563
2.451275
3.025968
2.459994
3.062734
2.464852
2.467592
2.466654
2.467435
2.459042
2.459941
2.475864
3.062164
2.463679
2.937354
2.458997
2.46124
2.450337
2.932647
3.010826
2.466126
2.917833
2.456206
2.46545
2.466119
2.459772
3.078919
2.456999
2.447328
3.065836
2.927536
2.463687
2.988994
2.457257
2.998085
2.484098
2.461431
3.145504
3.042177
2.461837
3.133599
3.020787
2.450587
2.448948
2.452058
2.467292
3.092982
2.48099
2.495106
2.479715
2.451691
2.456043
2.457035
2.458257
3.131878
2.453579
2.446747
2.731824
2.463275
2.453803
2.46323
2.464554
2.48529
2.469298
2.473729
3.156474
2.782397
2.460329
2.457246
2.988922
2.871728
3.106651
2.465163
2.859115
2.472296
2.462608
2.457686
3.118085
2.462592
2.465278
3.029676
2.475226
2.978214
3.128902
2.461413
2.444131
2.46504
2.46829
2.4595
2.455971
2.476209
3.090755
2.919692
2.460626
2.472149
3.083452
3.064277
2.971573
2.458936
3.108328
2.463376
2.475667
2.469312
2.46622
2.869714
2.453219
2.463034
2.45095
2.455364
2.460764
3.121317
2.470202
3.010227
2.45649
2.485011
2.964992
3.076716
2.455957
2.462442
3.149458
3.004322
2.4549
2.473177
2.603955
2.452403
2.443747
2.481491
2.470194
2.456805
2.486375
2.472967
2.461172
2.47339
2.468888
3.039214
2.469061
3.03972
2.482967
2.495399
2.472096
3.030956
2.466885
3.132648
2.464361
2.976174
2.468564
2.475273
2.943228
2.454587
2.483576
2.472039
2.459088
2.462443
2.459092
2.46635
2.45827
3.131162
2.455786
2.472993
2.482421
2.450195
2.455283
2.465937
2.448044
3.038797
2.475527
2.46125
2.956482
2.462749
2.4612
2.457488
3.0064
3.001592
2.461214
2.453877
2.473261
2.917725
2.46707
2.471493
2.776588
3.115976
2.459646
2.485757
2.885834
2.954707
2.457466
2.459301
2.456613
2.457725
2.450469
2.509125
2.967245
2.939494
2.478918
2.466173
2.993479
2.937013
3.118267
2.464999
2.978396
2.479673
2.921697
2.483169
2.455369
2.45169
2.470097
2.45325
2.869912
2.44981
2.463177
3.001201
2.451795
3.136548
2.460298
2.472958
2.963675
2.926653
3.029879
2.457283
2.477323
2.991087
2.459501
2.471125
2.460683
2.458401
2.473379
2.455776
2.4611
2.471889
2.447743
2.44822
2.449323
2.987564
2.493391
2.478758
2.845536
2.46697
2.458587
2.997488
2.466855
2.909993
2.449582
2.849145
2.909407
2.886193
2.472927
2.457916
3.077001
2.999964
2.461066
3.043178
2.463761
2.453693
2.464799
2.456603
2.465241
2.472279
3.07511
2.892062
3.098651
3.050879
2.794094
2.690135
2.453669
2.992115
2.485576
3.00279
2.45713
2.467823
2.464238
2.871724
2.458597
2.459359
2.913719
2.952337
2.464137
2.462906
2.445058
2.696705
2.460803
2.455768
2.466108
2.457284
2.457738
2.471488
3.000269
2.764364
2.461093
3.131768
2.932789
3.158134
2.487192
2.465745
2.463294
2.480901
2.468366
2.461228
2.887338
2.94585
2.467121
2.465015
2.455889
2.979925
2.471534
2.459769
2.877845
2.458911
2.453574
2.465857
2.976556
2.475775
2.454026
2.480618
2.970665
3.258813
2.481999
2.463587
2.453384
2.471031
2.464964
2.457994
2.488016
3.122764
2.449654
2.470266
2.466054
2.47875
2.472845
2.459027
3.009372
2.457207
2.462444
2.455803
2.957435
2.444063
2.476106
2.467614
2.452551
2.457124
2.450587
2.468704
3.061454
2.457706
2.457753
3.025372
3.038856
2.466958
2.461413
2.465265
2.851597
3.203614
2.467758
2.467516
2.469029
3.033258
2.457213
2.485719
2.877672
2.990707
3.182361
2.453019
2.457932
2.452826
2.46108
2.458101
3.009212
2.463457
2.461322
2.459449
2.915279
3.089665
2.496529
2.459731
3.098479
2.474692
2.47158
2.469305
2.991839
2.461367
2.461524
3.036806
3.126748
3.109252
2.451194
2.4943
2.992248
2.467591
3.08125
2.457806
2.463665
2.451747
2.825981
2.465532
2.804321
2.458957
2.450362
2.471474
3.060523
2.453278
2.465527
2.482806
2.45985
2.802483
2.452662
2.482777
3.032498
2.464274
2.472073
3.065677
2.805874
2.458099
3.012598
2.459127
2.712598
3.024279
2.464529
2.485445
2.467682
2.95433
2.78357
3.091304
3.000056
2.458506
3.141114
2.852631
2.464462
2.465679
3.080733
2.475744
2.469001
2.452938
3.061545
2.955976
2.464664
2.442952
2.944879
3.286298
2.470776
2.444313
3.039509
2.467851
2.458758
2.932411
2.983498
2.46188
2.466068
2.4661
2.469202
2.883907
3.168153
2.462991
2.939612
2.449265
2.846056
2.471545
2.457725
2.463424
2.451159
2.462629
2.975661
2.465358
2.848467
2.456137
3.050102
3.06266
2.452545
2.464044
3.140461
2.46432
2.46531
2.453203
2.458477
2.997596
2.460023
2.475166
2.463988
2.44815
2.486175
2.465365
2.471026
2.925732
2.458757
2.486386
3.026612
2.459869
2.460892
2.46173
2.473779
2.475649
2.450201
2.485224
2.804765
3.048044
2.472874
2.448935
3.126562
2.881549
2.453887
2.987096
3.024959
3.031366
2.469472
2.471841
2.957881
2.466681
2.467896
2.458473
2.459329
3.041977
2.463445
2.472157
2.99659
2.457819
2.475595
2.46628
2.473752
2.464085
2.450885
2.468692
2.452868
2.453804
2.736119
2.469288
2.997991
2.464264
2.452932
2.455919
2.992077
3.057762
2.462669
2.469844
3.115849
2.472326
2.473709
2.460093
2.467789
2.903703
2.466947
2.45515
3.099019
2.459049
2.450819
2.466024
3.08862
2.467059
2.457094
2.462338
2.471207
2.881207
3.016784
2.465643
3.124585
3.204622
2.474167
2.459929
2.454015
2.473884
2.466974
2.461115
3.190349
2.957414
2.458072
2.449925
2.941002
2.962201
2.457058
2.447268
2.849579
2.479746
2.457006
2.47122
3.019307
3.137728
2.457073
2.449888
2.455691
3.141567
2.902154
2.4576
3.153768
2.88746
2.492113
3.092437
2.997059
3.067861
2.484205
2.464307
3.081598
2.816285
2.467488
2.454084
3.058703
2.476611
3.019867
2.46088
2.466318
2.481677
2.455301
2.465154
2.453238
2.452643
3.069881
3.019924
2.467104
2.46411
2.46502
2.649395
2.457659
2.469393
2.472394
2.984386
2.451164
2.880153
3.189613
2.460638
2.457168
2.473262
2.995233
2.958673
3.008792
2.476919
2.471997
2.46753
2.462582
2.470246
2.849563
2.467994
2.453691
2.458649
2.897149
2.896346
2.464868
2.454624
2.455509
2.463775
2.47915
2.45578
3.140897
2.472163
2.463026
3.196327
3.005157
2.952987
2.484817
2.465274
3.105579
2.453379
3.179932
2.454765
3.149801
2.464924
2.460254
2.446651
2.879592
2.461223
2.999471
2.464813
2.880967
2.890692
2.451132
2.475866
2.466125
2.463397
2.46259
2.451487
2.972468
2.960491
2.470494
2.45971
2.48782
2.855849
3.044099
2.47101
3.042706
3.080985
2.929864
2.4692
2.474629
2.961242
2.475533
2.458579
2.470409
2.455404
2.474044
2.471904
3.094162
3.0637
2.479348
2.505233
3.107376
2.473262
2.469108
2.456119
2.897164
3.235104
2.465088
2.463218
2.469538
2.469728
2.455965
2.453127
2.937434
2.457166
2.465705
2.47728
2.457013
3.047769
2.482332
2.496877
2.46013
2.953075
2.464865
2.887791
2.465836
2.943301
2.452316
2.468904
2.476428
2.472235
2.469471
2.478096
2.488891
2.45687
2.458762
2.466519
3.121094
2.961051
2.485349
2.456178
2.462399
3.094546
2.857909
2.462897
2.467132
2.855466
2.464033
2.455034
2.99676
2.718641
2.49658
2.987715
3.101207
2.451823
2.452408
2.464543
3.105666
2.983689
2.477952
2.464349
2.474918
2.475385
2.485038
2.458226
2.832038
2.46674
2.458143
2.474306
2.968846
2.761387
2.467672
2.472716
2.462729
2.458307
2.47661
2.458644
2.448414
2.462474
3.069354
2.467891
2.459854
2.45403
2.911568
2.459649
2.983094
2.479003
3.022978
2.787048
3.09112
2.473395
2.937393
2.463921
2.461158
2.48523
3.072436
3.053361
2.934206
2.47721
2.459744
2.461547
2.474132
2.481527
2.941121
2.49244
2.460465
2.462812
3.113978
2.908555
2.48277
2.465725
3.03889
2.467366
3.123857
2.468404
3.024118
2.870832
2.457277
2.449068
2.48501
2.465586
2.464691
2.988214
2.461858
2.967053
2.454687
2.486587
2.990422
2.940226
2.453694
2.476332
2.459778
2.883751
2.45679
2.469608
2.459067
2.986585
2.460299
2.449391
2.84459
2.471019
2.461494
2.460367
2.458147
2.885517
2.460997
2.492751
2.461307
2.780599
2.471669
2.468143
2.482925
2.454782
2.457328
3.068456
3.084675
2.481663
2.459216
2.462621
2.465588
2.454604
2.464419
2.444786
2.976253
3.036982
2.82605
2.464475
2.461688
2.853208
2.472991
2.455021
3.107509
3.12378
2.456286
2.450075
2.774087
2.472707
2.457593
2.469438
2.940829
2.448007
2.452761
3.051104
3.049946
2.876405
2.465431
2.456878
2.458847
2.459645
2.471888
2.472671
3.087465
3.045036
2.45773
2.459342
2.454354
3.011126
2.475645
2.461605
2.452608
2.934572
2.453079
2.466936
2.467652
3.008342
2.46039
2.458961
3.057583
2.474083
2.452304
2.458095
2.892019
3.024135
2.452456
2.831959
2.461566
2.46804
2.46193
2.465832
2.837414
2.440957
2.464738
3.078411
2.459927
2.455153
2.461071
2.460154
3.053142
3.017288
3.049702
2.490713
2.482307
2.845187
2.469846
2.469216
2.480942
2.921852
2.458626
2.460111
2.470835
3.040147
2.466496
2.471011
2.459931
2.464995
2.474237
3.069873
2.452393
2.480756
3.093051
2.451597
2.447509
2.47741
2.464058
2.4694
2.460214
2.461776
2.954902
2.984089
2.476472
2.468398
3.101551
2.898542
2.469832
2.498325
3.084783
2.457225
2.474584
2.469733
2.459178
2.946422
3.09025
2.4701
2.453711
2.471946
2.464043
3.057907
2.455303
3.037745
2.472016
3.027554
2.92022
3.056395
2.461818
2.466071
2.473359
2.923064
2.466996
2.453666
2.470261
2.896234
2.452665
2.779151
2.976562
2.959068
2.459567
2.464263
3.043657
3.169756
2.449193
2.458105
3.109285
2.467317
3.06944
2.480427
2.964262
2.467328
2.455406
2.462231
3.068463
2.467585
2.445428
2.466499
2.463521
2.915774
2.458366
2.458495
3.007876
3.048667
2.469462
2.469479
2.892422
2.452498
2.460072
2.450637
2.830822
3.223731
2.460559
2.452368
3.106819
2.951718
2.990537
2.456239
3.098714
2.461727
2.45325
2.466414
3.059868
2.731064
2.45897
2.482834
2.461394
3.063877
2.470771
2.468332
2.453894
2.852926
2.460886
3.019842
3.023142
3.047681
2.472742
2.453485
2.466002
2.441287
2.479335
3.033557
2.958583
2.801014
2.450204
2.462558
3.1139
2.900269
2.471202
2.474836
2.919003
2.461051
2.472968
2.437796
2.465963
2.461527
2.454412
2.458527
2.472528
3.078398
2.474309
2.473882
3.19331
2.468203
2.456205
2.47395
2.457282
2.461169
2.46875
2.478345
3.06257
2.467419
2.45711
2.454733
2.930955
3.082307
2.47392
2.462807
2.931426
3.019665
2.462022
2.451454
3.236064
2.456886
3.06363
2.446978
2.484125
3.013553
2.461111
2.471343
2.829726
2.470072
2.464315
2.470502
2.462481
2.463141
2.459465
2.471487
2.46681
2.466258
3.03263
2.448087
2.469257
2.468456
2.451502
3.021592
2.450236
2.459722
3.11123
2.796773
2.886435
2.471268
2.887705
3.130189
2.459158
2.46493
3.121592
2.459491
2.461649
2.47358
2.77109
3.155795
2.46042
2.473511
3.145915
2.45804
2.457539
2.461144
3.134068
2.917421
2.473502
2.463585
2.462342
2.954808
2.464936
2.475317
2.913492
3.009778
2.461538
2.4935
2.859341
3.100119
2.454484
2.467808
2.465725
2.939577
2.928096
2.46764
2.894898
2.912371
2.457562
2.460157
2.899605
2.464011
2.474975
2.453325
2.459852
2.83691
2.476296
2.950202
2.464462
3.135263
2.47589
2.44986
2.997882
2.470104
2.464432
2.998942
2.490223
3.011046
2.454917
2.485808
3.097965
2.905041
2.893126
2.461523
2.471511
3.02747
2.45471
2.452077
2.482407
2.452401
2.473393
2.473846
2.469553
2.455394
2.465116
2.468955
2.45947
2.945828
2.450829
2.471625
2.477644
2.472754
2.467691
3.114572
2.447151
3.228668
2.469687
2.488406
2.812828
3.203046
2.473382
2.463833
3.032653
3.129081
2.458869
2.468745
2.960148
2.959509
3.028036
2.460291
2.46355
2.480068
2.465953
2.462564
2.469814
2.4634
2.463801
2.45801
3.131388
2.460287
2.45107
2.467777
2.464322
2.455616
2.930004
2.485763
2.454195
2.892585
2.454821
2.449918
2.92375
2.46109
2.471069
2.451447
2.468564
2.452848
2.457669
2.476538
2.460523
2.472682
2.856484
2.482305
2.454849
2.447788
2.47122
3.00005
3.092568
2.44944
2.813779
3.065995
3.099152
2.477405
3.128671
2.951332
2.466202
2.469597
2.836256
3.127956
2.468254
2.475236
2.451433
2.459886
2.458382
2.476283
2.451935
2.973078
2.468266
2.546104
3.119738
2.464164
2.470584
2.465763
2.454905
2.474685
2.451119
2.457052
2.459718
2.835451
2.459166
2.464263
2.911371
3.032169
2.455508
2.470532
3.040524
2.90045
2.467721
2.477976
2.452046
2.457328
2.48464
2.78046
3.028194
2.459199
3.060043
2.467685
3.072362
2.469326
2.455649
2.459405
2.451164
2.46812
3.040119
2.461515
2.467766
2.47558
2.45824
3.115988
2.467663
2.484758
3.178645
2.982426
2.993764
2.464039
3.054088
3.079667
2.447344
2.457285
2.753748
3.005911
2.919657
2.488952
2.917164
3.07041
2.462139
2.459797
3.159603
2.468979
2.466942
2.446548
2.973367
3.23885
2.472816
2.50076
2.462799
2.926178
2.448289
2.95645
2.76239
2.91809
2.45276
2.466878
3.042739
2.735902
2.466922
2.473554
2.448723
3.042512
2.879992
2.497917
2.978418
3.018632
2.460341
2.462375
2.931834
2.461381
2.460407
2.960394
2.488788
3.068277
2.486612
2.472498
2.454793
3.230935
2.472688
2.816155
3.127467
2.479455
2.46019
3.163977
2.465522
3.041251
2.465239
2.452752
3.126627
2.815974
2.746284
2.460101
3.051351
3.085522
2.459475
2.45625
3.025423
2.476941
2.449992
2.461111
2.980586
2.475286
2.460488
2.47671
2.461143
3.079918
2.455009
2.464734
2.460135
2.472565
2.456049
3.012731
2.492999
3.031032
2.466423
2.490756
2.891774
2.90573
2.469119
2.500124
3.015156
3.095581
2.465477
2.460463
3.264331
3.123851
2.944037
2.442513
2.469399
2.451496
2.468202
2.462541
2.467246
2.459655
2.46582
2.461392
2.460538
3.016067
2.452379
3.125238
2.494757
3.10844
2.463366
2.459782
2.477646
3.10989
2.469318
2.453156
3.064679
2.470284
2.464329
2.46646
2.464181
2.457528
2.468314
2.464208
2.46362
3.198194
2.465351
2.465386
2.470771
2.462974
2.456771
2.47103
2.479096
3.14585
2.462159
2.459626
3.08659
2.489807
2.469812
2.486389
2.459734
2.814676
2.472433
2.4749
2.477429
2.471482
2.982981
3.00168
2.465616
2.45994
2.870614
2.468071
2.453886
2.458426
2.977198
2.479502
2.45266
3.149819
2.905261
3.136716
2.489368
2.453345
2.468486
2.467068
2.454332
3.149334
2.974408
2.819631
2.472527
2.835744
2.470804
2.91422
2.468136
2.478739
2.481485
2.99669
2.472237
2.460755
2.465965
2.469759
2.44866
2.453682
2.89006
2.476251
2.4658
3.055444
3.02309
2.471882
2.974051
2.470959
2.960819
3.054621
2.463219
2.456745
2.452835
2.822274
3.106771
2.456914
3.055475
2.917623
2.941395
2.46768
2.458138
2.483494
2.459806
2.474542
3.077076
2.482901
2.470132
2.486506
2.835375
2.464696
2.455687
2.465645
3.09035
2.464164
2.475472
2.488783
2.98673
2.459583
2.470785
3.025705
2.974161
3.01717
2.472043
2.464823
2.687735
2.490886
3.119947
2.459117
2.456393
3.035307
2.467052
2.456031
2.457144
2.87259
2.459635
3.082938
2.463426
3.212721
2.473259
2.44901
3.020045
3.067684
2.46938
2.493678
2.463592
3.042991
2.475223
2.448162
2.458707
2.455157
2.463681
2.462282
3.168856
3.007678
2.453634
2.47769
2.471791
3.078827
2.465239
2.471812
2.454767
2.462766
2.459543
2.451366
2.953473
3.201931
2.455439
2.451081
2.457036
3.06128
2.449965
2.502713
2.99201
2.48284
2.461879
2.479939
2.993796
2.455269
2.465173
2.458495
2.829887
2.812953
2.454516
2.474665
2.457349
2.472104
2.469478
2.449748
2.462302
3.131169
2.463098
2.459726
2.462488
2.470543
2.89575
2.456079
3.006361
2.458698
2.44283
2.475325
3.002379
2.474813
2.462761
2.465287
3.035816
2.451184
2.486826
2.491882
2.483213
2.884021
2.44665
2.459788
2.454478
2.46908
3.047253
2.46234
2.444509
2.481994
2.813016
2.454112
2.455325
2.48532
2.456531
2.456143
2.482973
2.466809
2.47412
2.453297
2.453127
2.462449
2.466083
3.055484
2.465387
2.459538
3.072976
3.046045
2.47825
2.514557
3.031265
3.03693
2.456525
2.476486
2.978047
2.479079
2.46161
2.456396
2.468821
2.816903
2.476382
2.478367
2.955835
2.454562
2.452571
2.456543
2.46551
3.070259
2.461063
3.105312
3.082247
2.920849
2.483109
2.474545
2.965328
2.895931
2.471879
2.464493
2.46049
2.459349
2.464505
2.464981
2.46414
2.966995
2.470521
3.009461
3.10473
2.475327
2.451026
2.460926
2.464692
2.471418
2.467379
2.466973
2.458925
3.038554
2.463067
2.465647
2.918011
2.86587
3.123804
2.45889
3.218353
2.994929
2.500466
2.452478
2.497592
2.461706
2.455398
2.465885
2.953267
3.002488
2.454916
2.454355
2.846923
3.205932
2.463099
2.468099
2.896354
2.467936
2.480547
2.983275
2.98273
2.459571
2.467683
2.470095
2.457183
3.016248
3.054658
2.456225
3.035959
2.488828
2.469061
2.461498
2.451743
2.471768
3.032613
2.465808
2.712252
2.481316
2.459829
2.454813
2.482965
2.470774
2.46718
2.465893
2.472166
2.852174
2.462446
2.925266
3.109195
2.462576
2.464096
2.475181
2.452962
2.45728
2.47468
2.472477
2.444933
3.005361
2.480804
2.482921
2.468691
2.471199
2.462072
2.46416
2.453521
2.466943
2.477907
2.465194
3.088973
2.914417
2.45833
2.457757
2.912283
2.987512
2.466686
2.448527
3.048416
2.965527
2.467903
2.471051
2.949373
2.461703
2.487921
2.941858
2.46953
2.453986
2.465257
2.450459
3.051152
2.469507
2.467333
2.460151
2.463334
2.465999
2.465469
2.874886
2.476561
2.695073
2.483644
2.721123
2.462367
2.4493
2.473502
2.447347
2.490361
2.454931
2.471443
3.106951
2.483347
2.457461
2.996932
3.08444
2.458901
2.464111
2.454481
3.028563
2.45096
2.469569
2.464877
2.874067
2.47524
2.480535
2.47453
2.978299
2.474879
2.454402
2.451589
2.986845
2.469062
2.450338
2.464142
2.4621
2.456004
2.446553
2.885075
3.037026
2.467296
2.470378
3.033914
2.484419
2.486896
2.489222
2.984584
2.860309
2.474642
2.499896
2.470433
2.839231
2.470202
2.45801
2.470855
2.87088
2.459902
2.463222
2.456454
2.469537
2.452639
2.460717
3.026437
2.46679
2.744178
2.470288
2.880733
2.482903
2.45816
2.471876
3.176312
2.471153
