6.537315
6.628905
6.511783
6.619678
6.504127
6.709983
6.510227
9.397948
6.497905
6.615696
9.884086
6.481614
6.512065
6.671427
6.714019
6.542015
6.493758
6.490685
6.561813
6.65137
6.681091
6.549955
6.729443
6.485106
6.527147
6.634952
6.515375
6.716428
6.626168
6.713772
6.480421
6.721958
6.69945
6.518563
6.501522
8.047553
6.630624
6.753152
6.504615
6.724902
10.085775
6.556448
6.616722
6.510593
8.619757
6.707639
6.551722
6.570623
6.559747
6.690396
6.499107
6.619926
6.615856
6.566041
6.446216
6.607398
6.492349
6.636644
6.619269
6.489423
6.53154
6.549648
6.544114
6.612933
9.8607
6.603386
6.490758
6.648354
8.812126
6.473564
6.512603
10.775443
6.605261
8.594164
6.509207
6.539469
6.63908
6.47602
6.493752
6.467932
10.288717
6.504111
6.519731
6.525217
6.49228
6.501727
8.114813
6.647967
6.602549
6.638439
6.51407
6.603926
6.428413
8.08423
6.686934
6.601158
6.713697
6.624225
6.466318
6.433438
6.70328
6.469551
6.507399
6.748559
6.622061
6.470986
6.50316
6.512892
6.62716
9.373779
6.520685
6.473081
6.600599
6.499002
6.713215
6.793135
6.720173
6.631325
6.578916
6.610495
6.52123
6.607998
6.71061
6.569048
10.377774
6.631922
6.519302
6.532367
6.557495
6.693339
6.787527
6.633774
6.687394
8.45686
6.630363
6.586175
9.813014
6.467942
6.633085
6.503287
6.541529
7.768139
10.805326
6.606811
6.483018
6.511724
8.082996
6.540665
6.523002
6.62537
8.68906
6.475901
6.46408
6.625898
6.636021
6.514461
6.524561
6.452152
8.711911
6.600851
6.505148
6.515859
6.500866
6.46774
6.520608
6.649484
6.471205
6.507324
6.672814
6.616643
6.492059
6.593275
6.490586
6.695943
6.57613
6.586298
6.487067
6.474676
6.69364
6.482918
6.534526
6.458036
10.505711
6.484207
6.599467
6.649617
8.425945
10.041056
6.47698
6.519581
6.657019
6.472761
6.633737
6.776949
6.620198
6.605735
6.454949
6.615103
6.665556
6.492321
6.525724
6.637135
6.634108
6.648289
9.023161
6.644019
6.757139
6.646566
6.490145
6.638993
6.595702
6.636479
6.459051
6.504995
6.624934
6.511688
6.527083
6.636693
6.559768
6.627143
6.53522
6.501218
8.635774
6.485785
6.516207
6.678401
8.360123
6.768648
6.509669
6.483152
6.707088
6.582859
9.365037
6.533613
6.567568
6.616336
7.986677
6.533661
6.548869
6.552922
9.912344
6.695794
11.128443
6.486963
9.99924
6.627916
6.518443
6.472946
6.620236
6.514094
6.740023
6.491709
6.674828
6.526908
6.494801
6.527697
6.605839
6.531948
6.555324
8.788266
10.151682
6.528184
6.638826
6.506508
6.686067
6.721047
6.469943
6.597286
6.48205
6.522909
6.51201
6.600206
6.516058
9.268885
6.511817
6.497195
6.659818
6.429337
6.596479
10.308134
6.631406
6.721072
6.609961
6.831153
6.671522
6.444594
6.486327
6.649806
9.600623
6.503348
6.614069
6.693275
6.615005
6.515614
11.668168
6.615703
6.487611
6.521868
6.625699
6.739066
6.603797
6.615269
6.475713
6.63811
6.618379
6.467804
6.68852
6.624338
6.624535
6.548272
6.620244
6.643751
6.640625
6.541391
6.678243
9.796818
6.504478
6.503911
6.611617
6.539068
6.639461
6.52078
6.51512
6.67686
8.138059
6.481945
6.513562
6.622563
6.494057
6.519349
6.604366
8.772044
6.460143
6.487005
6.480401
10.611222
6.58247
6.523102
6.630862
9.029018
6.47851
6.479949
6.705045
11.01626
6.777751
6.635921
6.59836
6.501365
6.67828
10.438823
6.498535
6.572763
6.48444
6.48455
6.662925
6.508814
6.596229
6.589562
6.502069
6.492186
6.524736
6.774817
6.602509
6.459444
6.608428
6.743786
6.639919
6.47977
6.787884
6.606015
6.504535
6.544248
6.648319
6.51174
6.468838
6.524758
6.551869
6.808288
6.672201
6.485928
6.560304
6.617014
6.787438
6.502274
6.786766
6.67823
6.498713
6.476971
9.189607
8.152895
6.797558
6.473567
6.475035
6.523577
6.612288
6.487409
6.454756
8.972931
6.599041
6.481126
6.682981
6.678765
6.472875
6.606278
6.486752
8.943291
6.599286
6.582145
6.660724
6.465092
6.493897
6.49653
6.678192
6.490752
6.639758
6.518458
9.699404
8.789811
6.456438
6.485263
6.632742
6.759654
6.598919
6.503183
6.490406
6.679481
6.496244
6.487892
6.499656
9.739361
6.611538
6.512869
6.612109
10.123927
6.591056
6.474622
6.504648
6.454558
6.614356
10.312008
6.606965
6.624566
6.48621
6.742206
6.545547
6.714718
6.640863
6.512579
6.620925
6.596165
6.528708
6.479416
6.495123
6.478409
6.460824
8.688569
6.603311
6.461963
6.497131
6.615816
6.602386
6.463335
6.795917
6.482708
9.583546
6.48383
6.70601
6.61378
6.447621
6.48424
6.671068
6.76172
6.695519
6.495211
8.152535
8.15906
6.474821
6.64877
6.501674
6.701001
6.460805
6.612628
6.837601
6.621667
6.585626
6.508497
6.618708
6.578766
6.608734
6.538378
6.52922
9.582984
6.6526
6.482337
8.697332
6.496207
6.516252
6.506472
6.593892
9.671853
6.826553
6.524147
6.480482
6.722636
6.618188
6.482919
6.613531
8.376281
6.494204
6.514898
9.900906
9.967838
6.634256
6.50563
6.487841
10.259025
6.704542
6.488441
6.56409
6.517228
6.512721
6.562874
6.559427
6.503212
6.63266
6.561631
6.616439
6.597074
6.465014
6.480414
6.670189
6.481638
10.587731
6.499627
6.619251
8.491955
6.451634
6.468098
6.626128
6.837885
6.448594
6.552311
6.608675
6.654177
6.739991
6.63411
6.521846
6.652593
6.713345
6.484719
6.770683
6.627018
6.492546
6.559228
6.6791
6.476307
6.647241
6.614906
6.50598
6.459193
6.635862
6.694657
6.499205
6.672529
6.610656
8.975178
6.594274
6.49153
6.656902
6.4654
6.618311
6.535763
6.511763
8.083862
6.609644
6.537552
6.626965
8.304508
6.618963
6.621337
6.484646
11.236689
6.53834
6.630624
6.532875
6.514218
6.64987
6.471487
6.596679
9.021718
6.588976
6.491631
6.477573
10.039459
6.511296
6.507885
10.543342
6.60314
6.579166
6.508625
6.490431
6.60742
6.619742
6.710599
6.459521
9.644586
6.502878
6.51829
6.533017
6.526109
6.46548
6.541369
6.627204
6.467098
8.662966
6.496041
6.592398
6.710541
6.489792
6.501597
6.517431
6.632927
6.61599
6.493024
6.610032
6.614786
6.619434
6.521301
6.563314
9.770306
6.493823
6.567529
6.62732
6.658957
9.974814
6.491814
6.518046
6.615377
6.620917
6.594901
6.621243
6.78341
6.60928
6.608921
6.617661
6.540912
6.554609
6.593352
6.620348
8.7373
6.609501
6.48338
6.486595
8.351966
6.627036
6.519348
6.486918
6.459432
6.490656
6.610776
6.50929
10.870451
6.602371
6.643625
6.635069
6.494255
6.718555
10.445768
6.651841
6.510325
6.509027
9.490682
6.662244
6.469319
6.642264
9.494977
6.431964
6.461201
6.609838
10.979652
6.591819
6.618254
6.492323
9.887138
6.453852
6.532946
6.505039
6.506406
6.499231
6.490561
6.63556
6.5166
6.595205
6.463151
6.500274
8.52272
6.508578
6.63331
6.588242
6.711654
6.672785
6.57878
6.676259
6.606065
6.46082
6.471199
6.623851
6.467182
6.62218
6.508271
6.582044
10.611095
10.724326
6.481831
6.600404
6.598055
6.589721
6.478316
6.614716
6.682456
6.742536
6.508371
6.636478
6.632252
6.519525
6.501098
6.610058
6.504087
6.749299
6.545683
8.373023
10.545024
6.614956
6.489174
6.592684
6.607815
6.598482
6.553726
6.456309
6.65578
6.470521
6.552775
6.449388
6.670502
6.514691
6.481884
6.598923
6.537853
8.433416
6.46869
6.585862
10.743841
6.644494
6.483006
6.644655
6.499182
6.502318
6.698385
6.491149
6.520401
6.624916
8.976923
6.512867
6.483045
6.519135
10.519241
6.442643
6.525899
6.662821
8.347957
9.30691
6.479666
6.624261
6.616438
6.741038
6.526432
9.189992
6.636985
8.522289
6.687649
6.621297
6.496654
6.599496
6.708413
6.617253
8.349409
6.447511
6.533181
6.51812
6.616662
6.61194
6.530857
6.747691
6.636219
6.530727
6.701168
6.643753
6.643443
6.52571
6.70159
6.794877
6.610565
6.477736
6.500024
6.464761
9.821663
6.71129
6.651236
6.48859
8.916014
6.593213
6.486742
9.757773
6.608569
6.525064
6.496379
6.756577
6.480468
6.515496
6.704915
6.661352
11.725329
6.536251
6.533544
6.504308
6.463161
6.580079
8.679954
6.591823
9.414
9.706284
6.484696
6.486451
9.102091
6.697969
6.506674
6.712385
6.539128
6.503378
6.501475
6.498706
9.919782
6.611188
6.51443
6.509696
6.506
6.605347
6.514835
6.579329
6.517833
8.601693
6.517765
6.619787
6.869088
6.716598
6.478204
6.621528
6.735369
6.489455
6.694622
6.628869
6.505367
6.715158
6.519614
6.61708
6.54127
6.460477
6.499254
6.601831
6.46305
6.55208
6.514825
6.672608
6.756895
6.464643
6.794579
6.629405
6.460071
6.580884
6.625586
6.4858
6.450739
9.974551
6.652997
6.483694
6.487763
6.525508
10.161782
10.125557
6.525573
6.617745
6.630908
6.463144
6.468718
6.773105
6.616354
6.621801
6.613214
6.642781
6.689469
6.483811
6.471164
6.709677
6.621797
6.490215
8.510861
6.591721
10.742434
6.692951
6.512454
6.694887
10.362529
6.632158
6.460188
6.645623
6.595407
6.490108
6.472719
6.486402
6.570612
6.705124
6.515439
6.477623
9.669981
6.597763
6.503381
6.480009
8.121334
6.531887
6.501762
6.637103
6.496123
6.622394
6.601274
6.500543
6.509275
6.607282
6.463878
6.622215
8.356947
6.498561
6.511102
6.560158
6.516092
6.473189
6.526914
6.596116
8.860131
9.248327
6.699781
6.700697
6.491074
6.516018
6.460431
6.540539
6.674175
9.214393
6.638365
6.672366
6.592728
6.740664
6.464738
6.623235
6.486307
6.605694
6.620951
6.714632
6.591845
6.471174
6.606119
6.493605
6.726942
6.691786
6.628187
6.503499
6.479116
6.585491
6.62458
6.713042
6.465986
6.505839
8.400532
6.459783
6.636427
6.623071
9.760202
6.438964
6.491439
6.625957
6.635925
6.452387
6.455038
6.585137
6.603029
10.996981
6.621099
6.598029
9.439888
6.809192
6.511516
6.497626
8.95025
6.478774
10.454427
6.571343
6.543154
6.6467
6.499539
6.487828
9.035276
6.688082
6.533928
10.900129
6.614035
6.597155
6.478999
9.236719
10.014884
6.681505
6.498585
6.461203
6.512827
6.761178
6.592268
6.636455
6.534452
6.534763
6.517777
6.541454
6.600909
6.450042
6.513065
6.665552
6.694121
6.721722
6.46276
6.7166
6.708363
6.487473
6.715433
6.504968
6.503349
6.514927
6.538833
6.565163
6.619014
6.666505
6.500655
6.576741
6.605694
6.619658
6.490823
6.731991
6.608902
9.247354
6.449459
6.515438
6.696965
6.475587
6.490743
6.721002
8.527882
6.698892
6.598965
6.650984
9.304289
6.628968
6.734969
6.811964
6.482823
6.517497
6.619866
6.700485
6.461164
6.632267
6.750509
6.682961
6.517318
6.619204
6.785001
6.654513
6.56058
6.605331
8.833002
6.485379
6.476584
10.575346
9.599665
6.599377
6.503243
6.496428
6.681926
6.491921
6.498032
6.727749
6.575283
6.515549
6.495075
6.564911
6.541611
6.734195
6.52161
6.716224
6.504324
6.47924
6.537666
6.751405
6.536105
8.935231
6.505281
6.618174
8.014573
6.510819
6.476703
6.596341
6.651349
6.556871
10.523857
6.615167
8.772206
6.455777
6.53971
6.580288
13.698925
6.705287
6.472306
6.472658
10.27584
6.730216
6.62486
6.658102
6.619826
6.494495
6.472079
10.340315
6.619885
6.682081
6.735082
8.937722
6.618876
6.808734
6.479544
6.514373
6.510099
6.579862
6.49265
6.675048
6.694616
6.528791
6.476151
6.447964
6.616933
6.611673
6.596841
6.518387
6.720736
6.675638
6.684905
6.508207
6.676071
6.626434
6.497367
6.609994
6.553232
6.540725
6.506173
6.623136
6.589496
6.545665
6.596034
6.519126
6.494414
9.359785
8.532832
6.592482
6.643798
6.50471
10.966067
6.518752
6.506822
6.473834
9.095912
6.491316
6.491718
6.507417
6.573818
6.502124
6.51249
6.591693
6.502923
10.83875
6.496719
6.624992
6.704423
6.606503
6.502928
6.520341
6.467588
6.529834
6.534084
6.5617
9.52444
6.502254
6.513643
6.546502
6.739557
6.458739
6.487954
6.681701
6.593413
8.752882
6.486082
6.503138
6.525602
6.622961
6.598347
6.611645
6.794272
6.619329
6.522447
6.492433
6.60171
6.463259
10.329451
6.661857
6.641745
9.336034
6.625719
6.626638
6.641881
6.649642
6.704801
7.955427
6.634262
6.612549
6.506668
6.533718
6.488001
6.481325
6.49962
6.532175
8.785278
6.480377
6.521618
6.480377
6.664077
6.600961
6.476001
6.538902
6.663397
6.476933
6.624905
6.74341
6.482054
6.65198
6.4674
6.691109
6.507107
6.484779
6.509841
6.652443
10.21309
6.711824
6.496039
6.532804
8.728918
6.48286
6.549802
6.562705
6.608876
6.645617
6.595038
6.628346
6.477777
6.428039
9.027126
6.5193
6.496119
6.685445
6.519403
6.718152
6.518521
6.523507
6.52158
6.496101
6.486314
6.451398
9.709693
6.577266
6.460822
6.509205
6.612795
6.556199
6.644222
6.485342
6.658785
6.767402
6.489723
6.675584
8.523854
6.519272
6.488866
6.715661
9.815952
6.615766
6.609365
6.77309
6.608292
6.802879
6.492717
11.814371
6.902046
6.542632
6.54715
6.578666
6.938814
6.769962
6.5511
6.943767
6.828617
10.434257
6.565622
6.484079
6.798227
6.565602
6.73695
7.015734
6.925966
6.799962
6.699743
6.636204
6.878894
6.753998
6.580546
6.830779
6.778218
6.565379
6.552628
6.866681
6.5678
6.864753
6.564974
6.599565
6.609144
6.774989
6.556514
6.577192
6.763191
6.525786
6.564417
6.986004
7.016471
6.836236
6.54813
6.86801
10.985328
9.57679
6.525803
6.538294
9.867751
6.534491
10.582766
6.580609
6.575692
6.858165
6.533119
6.784477
12.494614
6.943523
6.522702
6.917369
6.821155
6.775281
6.532282
7.042147
6.562053
9.58305
11.265973
6.549498
6.564741
6.78307
6.850613
6.783539
6.611376
6.586668
6.621205
6.963617
6.578085
6.641928
6.949212
6.619272
6.540014
6.917865
6.723355
6.632405
6.53762
6.729666
6.61068
6.62238
9.983782
6.978459
6.949005
6.6458
6.504214
6.563303
6.893542
6.687045
6.523715
7.032901
6.863067
6.52873
6.56718
6.528933
6.579379
10.4437
6.548124
6.82835
12.665824
6.859891
6.599587
9.935283
12.972266
6.744437
6.576334
6.574744
6.857021
6.817844
6.86938
6.900368
6.592476
6.519039
6.539941
6.862295
6.561412
6.520074
6.538603
6.960183
10.813248
6.541394
6.585424
6.983315
6.540205
6.984254
6.599227
6.793829
6.77454
6.562308
6.603873
6.5722
6.883872
10.574202
6.556935
6.878773
6.576532
6.588957
6.646319
6.52859
10.360263
6.84824
6.569214
6.848381
6.94893
6.949171
6.579691
6.586856
6.781196
7.108147
6.534245
6.838523
6.975468
6.982977
6.935582
6.879702
6.797555
6.640828
6.560074
6.805806
6.797744
6.721705
12.188207
6.559411
6.783479
6.609719
6.869757
6.86124
6.88209
6.987236
6.754477
6.934079
6.602462
6.935498
6.782304
6.592774
6.66131
6.531953
6.900431
6.768081
6.554693
6.583924
9.709388
6.894572
6.528038
6.545772
6.818223
6.980838
6.570349
6.773064
6.776314
6.942626
6.555134
6.763749
7.13137
6.596724
6.559648
6.841346
11.055871
6.551123
6.552393
6.548907
6.581552
6.57186
6.660446
6.958831
12.285771
11.31918
6.917609
6.61052
6.835848
10.242024
6.559019
7.015102
6.581847
6.537206
6.587475
6.586147
10.009078
6.802446
6.550882
6.592149
11.220504
6.599607
6.773269
6.556955
6.571236
6.973935
6.952162
6.564779
6.733628
6.960847
6.601658
6.859287
6.75133
6.565834
6.539896
6.574276
10.915486
6.885673
6.523485
6.772329
10.960459
7.050292
6.964008
6.538183
6.824719
6.914414
7.103417
6.885348
6.865553
6.57811
7.009226
6.593262
6.528242
6.784887
6.587305
6.787319
6.778451
6.884194
6.578812
6.779075
6.984169
6.622885
6.836027
6.562747
6.917315
6.557839
6.754076
6.60495
6.518525
6.571986
8.849797
7.019737
6.545459
11.43233
10.290604
6.950999
6.558916
6.568323
6.547789
6.947699
6.549334
6.957164
11.320324
6.852857
6.473147
6.959938
10.860814
6.733852
6.576997
6.835372
6.57405
6.559386
6.595043
6.577303
10.861182
6.545082
6.616128
6.562865
6.542899
6.55964
6.606722
6.789181
6.908603
6.836772
6.613447
6.698227
6.808254
6.984797
6.541806
6.787933
11.959147
11.013521
6.643043
6.992284
6.580521
6.890236
6.560848
6.751679
6.831886
6.947297
6.555777
6.844529
6.781061
6.588089
7.03593
6.826728
6.810601
6.766398
6.803947
6.590008
6.829728
6.58603
6.765275
6.584094
10.682658
6.572118
6.548379
12.390045
6.901614
6.560382
6.567317
6.549622
6.5401
6.774053
6.618284
6.881273
6.872209
6.771653
6.559089
6.576977
6.647008
6.587898
6.571127
6.602946
9.930501
6.559486
6.57897
6.911016
10.753879
6.53869
6.565926
6.813944
6.58555
6.922012
6.870467
6.633515
6.559063
6.754712
6.54929
6.772386
6.62322
9.852528
11.761448
6.941467
6.575123
6.777247
6.551474
6.557473
6.588633
6.862872
9.358833
6.567662
6.962393
6.563751
10.629846
6.854816
6.538755
6.761401
6.578045
12.2138
6.565379
6.896151
10.754224
6.813365
6.617958
6.755905
6.606394
6.598485
6.733411
6.823288
6.586599
6.908794
6.872751
6.54308
6.74895
6.594613
6.5228
6.92113
6.676773
6.541078
6.954558
7.029881
10.612607
6.552246
6.502022
6.853961
6.564282
6.528223
6.613743
6.571995
6.886798
6.841342
6.753553
6.964768
6.895797
6.617882
6.564137
6.565985
6.945459
6.889427
10.691823
6.738054
6.716367
6.901415
6.566825
6.772846
12.359144
6.796715
6.555044
6.58669
6.699984
6.555708
6.571819
10.721848
6.961473
6.562507
6.554747
6.536662
6.817038
6.882825
6.602166
6.569179
10.550758
6.600981
6.567084
6.558367
6.582917
6.572681
6.601988
6.759507
6.563752
6.758898
6.516027
6.543872
6.568014
6.576392
6.587456
7.012801
12.543684
6.887395
10.566968
9.55354
6.51382
6.556528
10.323863
7.027429
6.553678
6.593772
6.801338
6.936713
6.572759
6.563232
6.710204
6.740621
6.535989
6.814048
6.893348
6.785987
6.778396
6.630913
6.581104
10.041049
6.635333
6.943294
6.889724
6.562102
6.581417
6.837385
6.984774
6.635664
6.583835
7.079415
6.847722
6.764554
6.930264
6.592278
6.753163
6.855902
6.880081
6.608974
11.653372
7.003312
6.528967
6.762851
10.863415
6.544269
6.611472
6.564969
6.93729
10.514946
6.964337
6.944725
6.790925
6.554151
6.546908
6.728246
11.767702
6.5972
6.585025
6.927288
11.091889
6.555381
6.573863
6.555566
12.643931
6.524452
6.631378
6.536284
10.15289
13.01249
6.552318
6.571126
9.448883
6.904968
6.607679
11.338137
6.621468
6.959092
6.6305
6.723888
6.56898
6.913461
6.628675
6.806266
10.096387
6.545673
6.57107
6.564607
6.855314
6.887878
6.601608
6.752439
6.783036
6.592366
6.818796
6.842531
6.799631
6.945521
6.910772
6.758955
6.543635
6.895303
6.795995
6.575027
6.677512
6.958106
6.755567
6.567478
6.601157
6.863749
10.343433
6.559027
6.587764
11.711103
10.726924
6.943759
10.304784
6.846762
6.577438
6.564045
6.584758
6.785918
6.785786
6.572289
6.587685
6.922718
6.585242
6.787324
6.558893
8.531883
6.597023
10.087696
6.652446
6.549709
12.021237
6.637563
6.925472
6.942866
11.007975
6.517559
6.543018
6.588732
6.791798
6.752054
6.820276
6.562221
6.910804
6.722137
6.622274
6.947112
10.385537
6.786159
6.540158
6.925988
6.554567
6.595418
6.553911
6.777116
7.064257
6.997601
6.561292
6.881649
6.546972
6.889422
6.865002
11.434372
6.854502
10.307085
6.641994
6.5192
6.860005
6.899182
6.560563
6.759772
6.825117
6.527184
7.083127
6.535817
6.893379
6.871016
7.029563
6.536675
6.767411
6.579732
6.594562
7.066698
6.905531
6.800204
6.508041
6.760275
6.559222
6.652534
6.58078
6.496869
10.696254
6.516654
6.627464
6.813436
6.508265
7.001008
9.79701
6.556612
6.751962
6.584004
9.40671
6.842755
6.60448
6.56972
6.535006
6.721067
6.655626
6.907921
9.736712
8.555013
6.626443
6.934092
6.519301
6.894598
6.607521
6.553946
6.886844
6.93366
6.613759
6.721239
11.397799
6.905268
6.611771
6.971057
11.355282
6.536487
6.604567
10.134215
6.819527
9.664309
6.546656
6.628485
6.743648
6.990702
6.594853
6.567644
6.783586
6.597182
6.774776
6.740442
6.795839
6.945515
6.907717
6.602746
10.434017
6.559764
6.583799
6.904166
6.537627
11.842977
6.992254
6.90556
6.746232
6.736229
6.597762
6.518256
6.853245
6.514123
6.928507
6.921672
11.32759
6.911755
6.597142
7.093751
11.641136
6.724852
6.55682
6.947483
12.45666
6.556773
6.60497
6.856185
6.94978
6.892835
6.888463
6.773224
12.139613
6.738096
7.015375
7.029593
10.495216
6.677214
6.554813
6.60908
11.923308
6.871157
6.529217
6.550665
11.34027
6.53072
6.661021
6.552819
6.851685
6.602279
6.592423
6.769916
6.905759
6.920406
6.533424
6.881972
6.55818
6.916057
6.590322
6.539756
6.541763
6.788827
10.59187
11.147304
6.534582
6.491792
10.50478
6.598883
6.596082
6.610834
6.792648
6.557475
6.775507
6.630191
6.869398
6.56103
6.731601
6.898552
11.083968
6.563259
6.542772
6.956007
9.687673
6.861259
6.829793
9.959914
6.938843
6.750789
6.568515
6.605098
6.726944
6.876568
6.693057
6.776144
6.766739
6.752387
6.643344
6.537379
6.893435
6.568099
6.580412
6.745941
11.045943
6.924881
6.61398
6.539209
6.760676
6.954155
6.868817
6.608071
6.9866
6.596191
6.574677
6.906701
6.836249
6.837452
6.57909
13.028254
6.580597
6.656493
6.580567
6.622323
6.572126
10.351528
6.617778
6.537947
6.622725
6.610262
6.556119
6.933921
6.905433
6.629433
6.553818
6.96683
10.056794
9.974336
12.028487
6.606051
9.590844
6.999732
6.613097
6.867187
12.834901
6.8495
6.86868
6.912089
10.131374
6.805653
7.108976
6.52335
6.890707
6.565384
6.542036
10.936051
6.837532
6.803668
11.354899
6.61036
6.569262
6.748859
6.983701
6.601765
6.611914
6.584322
6.889734
6.996539
6.5703
7.017106
6.793791
6.857415
6.919492
6.709495
6.894681
6.515706
6.930309
6.55769
10.189419
6.84526
6.729686
6.844024
6.564099
6.88408
6.738223
6.901675
6.830751
7.059177
7.033727
6.510774
6.997919
6.92297
7.096199
9.67892
9.917122
6.556737
6.558136
6.528743
10.104068
6.689433
6.548044
11.190238
11.205764
6.896077
6.579407
6.821241
6.541624
6.571982
6.920079
6.801261
6.619551
6.610024
6.569345
6.780487
6.595984
6.538908
6.587922
6.881554
6.567039
6.691694
6.555118
6.931182
11.941806
7.010579
6.545344
6.904561
7.026721
6.757639
6.627224
6.737975
6.970805
6.895528
6.54505
6.607293
10.940552
6.845583
6.562834
6.596276
9.95968
6.916782
6.607307
7.051593
6.783009
6.618731
12.142617
6.762676
6.894058
7.013461
6.542659
6.931939
6.897354
6.924573
6.711291
10.446339
6.885623
6.561362
6.539284
6.541667
6.633352
6.753207
6.582316
6.939428
6.559237
6.524715
6.764132
6.898775
6.534193
6.63552
6.786703
6.603177
6.567638
6.892292
6.992722
6.578415
6.594033
6.812486
6.861042
6.777557
6.53936
6.593151
10.960981
9.101804
6.593532
6.92795
6.563759
6.842391
6.528525
6.875306
6.772646
6.938824
6.578877
6.730875
7.011073
6.569799
9.276576
6.602522
6.584238
6.841786
6.590169
6.70934
10.866406
6.603972
6.581971
6.821422
6.577037
6.671519
7.09252
6.544602
10.67823
11.043974
6.506007
6.932187
12.058357
6.750447
6.597686
6.577714
8.973237
6.561957
6.564999
6.961058
6.536731
6.789968
6.803696
6.519133
6.569105
6.740719
6.754403
6.614268
6.736427
6.942987
6.556168
6.792762
6.780937
6.841797
6.587052
6.840761
10.439165
6.521226
6.565761
6.610361
10.134776
6.690324
6.84254
6.544099
6.892707
10.212564
6.53375
6.662596
6.709062
7.001035
6.907674
6.764026
6.555503
6.902018
6.618562
6.631281
6.825232
6.795524
6.558836
6.8507
11.070485
6.611795
6.743894
7.018246
6.95284
6.522488
6.815615
6.551175
6.589245
6.559637
11.691535
6.555557
6.530039
6.580727
6.588631
6.553843
6.546086
6.706172
6.614686
6.864002
6.576721
6.554322
11.58678
6.864065
6.557296
6.985453
6.888307
6.860274
6.785898
6.919854
12.906764
6.576492
6.573186
6.632188
6.600318
6.735561
6.60573
6.852153
10.922603
6.731178
6.575497
6.998769
6.755112
7.020894
6.615997
6.849529
6.756806
6.949426
6.523638
11.209243
6.85024
6.558651
6.591396
6.882539
6.593048
9.219478
6.540947
6.848264
6.740555
6.898988
6.543281
6.809787
6.779418
6.840525
6.862118
6.581825
6.898859
6.506394
6.577316
6.525761
6.755664
6.543416
6.515752
6.846153
6.61512
6.771767
7.111195
12.554188
12.92875
6.906298
6.768243
6.912418
6.530375
6.783988
6.53322
6.566074
6.813446
6.530031
6.608741
6.742158
10.833449
6.905576
6.58608
6.578855
10.116862
6.624444
6.564963
6.897566
12.078714
6.591669
12.201477
6.579512
6.621888
6.576656
6.916846
6.905126
6.648409
10.444093
6.603652
6.758577
6.590573
7.042892
6.57093
6.576467
6.54696
6.572666
8.946368
6.525505
6.596464
6.60745
12.169397
6.590329
6.882547
6.906888
10.653124
11.237989
6.543971
6.583824
6.763328
6.555926
6.570762
6.764598
10.008413
6.679597
6.544264
6.828254
6.581309
6.546227
6.84379
6.573763
10.5374
6.580086
6.829059
6.955425
6.742569
6.953196
6.546381
6.870121
6.753232
6.874128
6.544578
6.569012
6.756261
6.555806
6.58188
10.756422
11.098113
6.870489
6.778219
6.602666
6.917285
6.77174
6.526506
6.624014
6.911753
6.995152
6.566843
6.791748
6.588363
6.814198
6.607485
6.878985
6.87341
6.697108
6.553811
6.821255
9.601109
6.707473
6.551183
6.881317
6.625763
6.615974
6.592877
6.974324
7.04128
6.545896
6.627859
6.536619
6.829589
6.540989
6.583479
6.863876
6.667319
11.141075
6.563365
6.860707
10.477891
6.549177
6.558056
6.897109
10.671727
6.752218
6.846334
6.887803
6.589966
6.939318
6.850448
6.551009
6.59178
6.837425
12.449612
12.425449
6.581997
6.559942
11.038264
6.754309
6.56184
6.802323
6.787733
7.026515
6.584581
6.93953
6.801612
6.776482
6.565002
6.899491
7.048858
6.520752
6.613079
6.909306
6.924107
6.772872
6.559862
6.785999
6.960051
6.848385
6.565387
7.031116
6.83254
7.020753
6.908495
6.583529
6.982095
6.602193
6.770368
6.526515
6.864735
6.795119
6.868341
6.560596
9.2497
6.983844
6.521671
6.546923
9.856875
6.60508
6.568163
10.64781
6.591191
6.792185
6.532942
6.826859
6.750198
6.507008
6.558408
6.785296
11.402341
6.581997
6.524645
6.580614
6.572804
6.918664
6.591398
6.754447
10.902172
7.084699
6.592745
6.767699
6.570241
6.542803
6.587517
6.543435
6.950205
6.83683
6.771892
6.569999
11.313735
6.700453
6.562399
6.907524
10.854037
6.502998
6.524881
6.572645
6.576018
11.065678
6.610481
6.580959
6.870266
7.056027
6.561226
6.91895
6.77555
6.597684
6.685633
6.910812
6.89484
6.796085
6.87703
6.765491
6.58892
6.532105
9.844922
6.940371
6.931207
6.508875
11.007566
6.603629
6.570654
6.905891
6.743116
6.899451
6.556167
6.562362
6.775977
6.910347
6.873655
6.618169
6.947382
6.571814
6.555045
6.771705
6.910074
6.744591
6.570865
6.716274
6.955109
6.835831
6.557231
6.874308
6.548033
6.527407
6.603813
6.592781
6.765756
10.662366
6.570981
6.716625
6.913035
6.546469
6.594691
6.785566
10.957336
10.887978
11.943291
6.590645
12.094441
6.79635
6.625175
6.876311
6.892255
6.8455
6.603149
6.873076
6.897325
6.699747
6.55013
6.735533
6.58035
6.800027
6.586015
10.18643
12.779594
6.758962
6.585221
6.618094
10.365645
6.962937
6.559456
6.815262
6.622122
6.907394
6.555916
6.563982
6.860501
6.543669
6.571733
6.56546
13.206123
6.561588
6.577634
6.535036
6.569416
6.749229
6.537837
6.798505
10.62935
6.89017
6.649935
6.894778
6.508674
6.816451
6.912924
6.797284
6.901769
10.837018
6.579538
6.829087
6.817927
6.565377
6.589042
6.566621
6.53357
6.527563
6.87371
9.525266
6.531838
6.560518
6.946092
6.556008
6.535395
6.869932
6.786015
6.537069
6.930832
6.715658
6.530254
6.567126
6.510442
7.095756
6.608074
6.516963
6.523982
6.844843
6.585115
6.758447
6.590913
6.952709
6.809912
6.518935
6.847063
6.781078
11.2317
6.792115
6.489929
6.756066
12.65748
6.545016
6.603042
6.558872
11.550752
6.887658
6.564848
6.602271
12.432594
6.902889
6.523872
6.949126
6.837027
6.629801
11.004109
7.016376
6.853947
6.573085
6.604887
6.873403
9.357159
6.626299
6.572458
6.541946
6.565378
6.854293
6.564921
10.857363
7.061183
7.029901
6.568048
6.549569
6.870608
6.880135
6.741613
6.586007
6.928598
6.856993
6.578981
6.616918
6.939282
6.843983
6.562301
6.581194
7.095774
6.725751
6.617472
6.840497
6.888727
7.070638
6.512349
6.984706
6.741033
6.537423
6.541512
6.754415
6.733472
6.544456
6.953289
6.833315
11.127807
6.502983
6.527339
6.623419
6.56516
11.115397
6.559544
6.852681
6.561227
6.96791
6.587432
6.915207
6.76304
10.014135
6.960311
11.013344
6.59096
6.530583
6.941379
6.681738
6.56338
11.484481
11.693003
6.556862
6.599652
6.529836
11.29656
6.627582
6.552884
6.523145
12.332818
6.819855
6.555336
7.043631
6.805641
6.700883
6.568473
6.823392
6.555091
6.574393
6.588452
7.097002
11.277254
6.575805
6.560789
6.801576
11.235678
6.817503
6.499602
6.762167
11.891971
6.621652
6.726036
7.040273
6.951692
6.612906
6.904892
6.672234
6.837216
6.841342
6.583769
6.557424
10.388289
6.85828
6.875976
6.595257
12.420895
6.848459
7.08732
6.752169
6.828477
6.574247
7.113818
6.856387
6.792943
6.883245
6.52536
6.948912
6.771805
6.529536
6.559218
6.978629
6.894124
6.571285
6.569696
6.911038
6.959849
6.542486
6.945384
6.549402
6.844183
6.625972
6.917489
6.698094
6.938003
6.926382
6.571186
6.971992
6.734077
6.609736
6.593144
6.878077
6.569499
6.932188
6.561731
10.841972
6.625336
10.745371
6.579285
6.587631
6.768355
6.942128
10.077285
6.8686
6.514201
6.554174
10.784833
6.758763
6.569782
6.827912
12.230733
6.569457
6.674538
6.785658
11.247869
6.785818
6.55601
6.838152
6.872407
6.741713
9.659365
6.853205
6.687758
6.557757
6.591142
6.596042
12.254101
6.917722
6.560038
6.564562
11.929599
6.572613
6.579343
6.568481
6.845233
6.577339
6.585583
6.905552
6.834797
6.789545
6.915091
6.593504
6.764206
6.79192
6.530513
6.568038
6.888269
6.578215
7.018419
6.906722
6.557832
10.358818
6.555307
7.020133
6.777232
6.741113
6.605076
6.910311
6.831648
6.56005
6.553776
11.489161
6.781374
6.731757
6.539415
6.865664
10.714489
6.563265
6.841247
6.609868
11.570666
6.81484
6.562752
6.604185
6.558934
6.908497
6.541843
6.842044
6.744869
6.931512
6.609422
6.898419
6.59619
6.873518
6.908841
6.636161
6.611268
6.586495
6.607242
6.835082
9.396355
6.753466
6.545573
6.898187
10.942956
7.027222
6.581237
11.738919
6.923919
11.093655
6.548498
6.557505
6.78661
6.919938
11.171263
6.878197
6.553633
6.814067
9.992994
6.548195
6.592469
7.005919
6.602929
6.740435
6.517908
6.872632
9.461608
6.922803
6.938308
6.575878
6.796725
6.987502
6.547849
6.585015
6.849403
6.935893
6.527452
6.852299
6.567008
6.865276
6.582804
7.032473
6.55875
6.962402
6.790997
6.577053
6.729562
6.581609
6.499469
6.750657
6.867721
6.548462
6.534169
6.889629
7.03247
6.531596
6.564456
6.548036
6.78298
7.141514
6.58426
6.7853
6.561089
11.692946
6.527542
6.8736
6.711416
6.883416
6.932956
9.706107
6.853465
6.91251
11.932079
7.088593
6.825805
6.544339
6.611961
8.316389
12.432361
6.92466
6.543282
6.53787
10.145658
6.847727
6.587001
6.903257
9.909452
6.575351
6.585113
6.755095
6.730649
6.617498
6.586643
6.570421
12.596035
6.782948
6.550217
6.626306
6.597975
6.557687
6.594138
7.01445
6.584113
6.566562
6.849822
6.919096
6.581628
6.7551
6.516421
6.863075
6.868772
6.76945
6.602903
6.572891
6.72029
6.579377
10.850038
11.018374
6.572607
6.608249
6.990968
6.849356
6.55856
6.583789
6.950489
6.883167
6.54469
11.058527
6.621805
6.77901
6.556347
6.897286
6.777556
6.549258
6.575563
6.831916
9.648123
6.5201
6.545017
6.548825
6.592536
6.583283
6.796151
6.899451
6.762812
6.588635
6.577041
6.556315
6.787569
6.922407
6.520463
6.77128
6.59647
6.550565
6.927063
6.561556
10.091449
6.848404
6.538363
6.822218
9.950479
6.538956
6.592132
6.619483
6.541951
9.884265
6.902983
6.850052
12.139795
6.568874
6.545874
6.834989
10.223369
6.59521
6.617735
6.571674
10.284969
6.877292
11.250967
6.560881
9.598031
6.888337
6.624879
6.571901
6.78612
6.912355
6.610429
11.089614
6.907297
6.58672
6.567663
6.580102
6.580497
6.814543
6.564539
6.941242
6.564671
6.719204
6.574375
6.571083
6.71704
6.926292
6.594782
6.555718
6.843016
6.564748
6.533805
6.913909
6.810996
6.551849
6.818868
6.891747
6.777177
6.592429
6.574159
6.571097
11.750179
6.822052
6.628145
6.909555
6.742436
6.544989
6.949309
6.950094
6.539759
6.724558
6.978598
6.96371
6.584243
6.842727
7.029716
6.548967
6.560274
6.617416
6.808262
6.837181
6.588497
6.744271
6.579035
6.563293
6.544375
6.548303
11.396636
6.804269
6.895758
6.860882
6.595084
6.899972
6.568525
6.602611
6.980489
6.780532
6.577025
6.76744
10.889189
6.577694
6.544993
6.734721
12.550028
12.002903
6.560568
6.838545
12.190239
6.899556
6.551707
10.677513
6.574287
6.553769
6.569882
6.602558
12.269345
6.806289
6.564169
6.8648
11.377852
6.816073
6.552527
6.596789
11.950983
6.563631
6.927963
6.568522
6.605461
6.931423
6.548565
6.543671
6.786899
6.859082
6.61235
6.569791
6.887089
6.550814
6.545991
6.892
12.625272
10.941293
6.85931
6.517533
9.979364
6.66689
6.600676
6.765138
6.904382
6.529181
6.550806
6.95851
6.879837
6.740579
6.527967
6.898852
6.79121
6.80904
6.569457
11.491503
6.861231
6.568989
10.225614
6.542947
6.544085
6.527968
6.628692
6.578069
6.914245
6.624578
6.841306
6.543937
6.548791
11.303713
6.681472
6.570339
6.860547
6.855662
6.75834
6.650146
6.901557
6.795188
6.863638
6.538765
6.712638
6.971179
6.555922
7.040192
6.895648
6.750083
7.08067
6.573074
6.571438
6.879148
6.722913
6.578213
6.75225
6.860334
6.862758
6.625641
11.063017
7.025615
6.56001
6.570599
6.747683
6.770992
6.914051
6.581503
6.719236
9.656883
6.857837
6.534236
6.698088
6.625125
6.609235
10.155424
6.55679
7.027278
6.592002
6.639645
6.544903
6.765582
7.067817
6.534493
7.0629
6.551312
6.938095
6.54709
11.639556
10.207804
6.569935
6.569215
6.950135
6.618144
6.648031
6.568733
6.888255
6.604874
6.766818
6.598751
6.650504
6.924492
6.580346
6.550317
6.56641
11.183115
6.525751
6.608224
6.627695
11.462724
6.59426
9.372219
6.587349
6.587136
6.601316
6.546978
11.82636
6.774608
6.883196
6.551001
6.72099
6.99785
6.588228
6.525574
6.539645
6.962278
12.010165
6.59571
6.828349
10.472785
6.901996
6.58104
6.549576
6.604422
6.581736
10.333015
6.731692
6.543216
6.566462
7.016033
6.893853
6.540891
6.564204
6.808419
9.084233
6.554264
6.971959
7.0463
6.813925
6.56212
11.870185
6.859519
7.061848
6.629588
6.611622
6.94612
6.930409
6.862207
6.598662
6.778238
6.940187
6.542426
6.52599
6.758803
6.851587
6.593947
6.757957
6.725306
6.561862
6.61882
6.527399
12.658849
6.758973
6.582691
6.801393
6.550557
6.581173
6.575847
6.869209
6.975415
10.255355
6.599628
6.526523
7.028469
7.02724
6.595038
6.79003
11.775168
6.556331
6.539943
10.734131
10.393621
6.571721
6.616975
6.534503
10.058373
6.824431
6.5416
6.564906
11.427966
6.923353
6.883247
6.543284
6.540779
6.830761
6.631359
6.525814
11.871248
6.562453
6.566577
7.005086
10.351109
6.604632
6.749363
6.93951
10.433175
6.539768
6.578726
6.821672
7.024658
6.580413
6.900373
6.860263
6.850627
6.923263
7.124222
6.54089
6.749591
6.78617
6.60212
6.616948
6.580804
6.565817
6.812563
6.771132
7.078741
6.737854
6.909624
6.899296
6.956907
6.862475
6.905872
6.565339
6.508598
11.158776
13.187407
6.949731
6.655086
6.805675
6.549271
6.557327
6.615216
6.565522
10.287992
7.049549
6.595886
6.839229
6.86693
7.011159
6.946407
6.561633
10.877764
6.606749
6.955243
6.564037
6.626954
6.762809
6.645363
6.929011
6.630457
6.608566
6.653605
6.539881
8.813693
6.617086
6.578403
6.595377
6.79253
6.538129
6.55928
6.582075
6.912003
6.727218
6.601969
6.753341
11.648083
6.59179
6.581814
6.707903
10.547023
9.15464
6.588311
6.973494
6.561579
6.908813
10.418687
6.990275
6.879997
6.622832
6.630803
6.591125
6.755829
6.968598
6.604184
6.894789
6.865797
6.852953
6.533647
6.607244
6.868969
6.570989
6.604229
6.937421
6.759309
7.092949
6.595044
6.525491
6.757297
6.759479
6.692153
6.564862
6.795999
6.602251
6.935806
6.945286
6.575484
6.866078
6.972698
6.933756
6.587082
6.901842
6.612864
6.55385
6.788907
6.570679
6.793043
6.559164
6.852819
6.74664
6.867668
6.976032
6.581726
6.804376
6.920658
6.90614
6.586834
6.78081
11.323433
6.621633
6.571082
6.560876
6.583869
6.95305
6.563578
6.571441
11.224989
6.795403
6.559565
6.581413
6.964918
6.584477
6.559098
6.714111
12.105217
6.75276
6.567717
6.526432
12.591434
6.608215
6.59424
7.007677
11.244232
6.568814
6.549416
6.572197
6.611666
6.575665
6.534902
6.767194
6.55032
6.671633
7.000294
6.895833
6.908076
9.762898
6.561179
6.585154
6.573128
6.583795
6.542387
6.598426
10.957091
6.553032
6.504499
6.598025
6.807208
6.533734
7.014572
6.855604
6.905314
6.920825
6.822566
6.568818
6.943884
6.849156
6.58473
11.403497
6.898142
6.901445
6.630085
6.538751
6.790564
6.62015
6.600663
10.967585
6.76327
6.809465
6.899432
6.931856
6.73232
6.968753
6.578047
6.849719
6.964799
6.754815
6.569746
6.576869
6.666601
6.623849
6.589386
6.54048
10.357869
7.035055
6.540821
6.596466
6.705374
6.604809
11.460478
6.766436
6.888331
6.803502
6.578603
6.591314
6.577825
6.827289
9.375635
6.59652
6.554444
9.184701
9.725215
6.5416
6.614278
6.533441
6.802786
11.013771
6.582358
6.512151
6.74632
6.913066
6.991795
6.548864
9.805623
6.773159
6.632534
6.954014
6.618328
6.60805
6.612042
6.582404
6.590378
6.850369
6.575753
6.838795
6.972214
6.563289
6.531481
6.608039
6.882112
6.800097
6.597737
6.904729
6.950917
6.540295
6.544731
6.790593
10.879974
6.763562
6.597162
6.809835
7.041936
6.73126
6.553185
6.603748
6.754603
7.080353
6.857707
6.927681
6.96882
6.524012
6.981298
7.004572
6.577817
6.536673
6.876764
6.605822
10.620137
6.553819
6.584678
6.778486
11.864791
6.881519
6.636167
10.194855
6.868814
6.565901
6.477423
6.532274
6.601501
6.749975
6.565881
6.548282
9.384873
6.987843
6.613445
10.376151
6.547975
6.56228
6.603559
6.583658
10.883224
6.790766
6.551299
6.818651
6.896622
6.770511
6.607811
6.913131
7.028955
6.585918
10.678506
10.652792
6.536159
6.832123
6.55828
6.796508
6.586879
6.551141
6.593833
6.723068
6.556604
6.769329
10.217044
6.577642
6.933616
6.510393
6.729865
6.780834
10.727303
6.928295
6.895789
6.556971
6.553115
11.749915
6.598486
6.623263
6.53922
7.092104
10.715809
9.728809
6.584214
6.54206
6.774548
6.869588
6.568632
6.802216
6.748037
6.963147
6.588381
6.769281
6.974586
6.601934
6.636206
6.862207
6.542481
6.571518
6.567095
6.774503
11.971604
7.007164
6.512531
6.894225
6.910797
6.845433
6.556318
6.877324
6.768987
6.580336
6.570634
6.953002
6.774163
6.733942
6.540379
7.036154
6.560614
6.533839
6.599348
6.60376
12.382212
6.803085
6.546449
6.555301
6.546402
6.771914
6.810853
6.562122
6.856177
6.750791
6.599178
6.912091
10.317378
6.642237
6.560369
6.861719
9.590281
6.533288
6.54944
6.912093
11.270809
6.983511
6.612252
11.729161
6.581288
6.549124
6.534139
6.533906
6.999147
6.788731
6.920506
6.798662
6.871787
6.567869
10.424375
6.980914
6.559787
6.865964
6.824736
8.589042
6.575317
6.687391
6.729001
6.568809
6.889929
6.892547
6.878729
6.53188
6.880832
6.813548
6.918731
6.894319
6.55923
6.600602
9.244254
6.594061
6.927912
6.98752
11.173071
6.870885
6.574867
9.74214
6.757882
6.558077
6.539606
6.874335
6.609874
6.639134
7.033206
6.794613
9.513849
6.805173
6.505284
6.898079
6.632707
6.573085
13.021976
6.586111
11.086444
7.13724
6.578539
6.599148
9.941998
6.837403
6.558627
6.869397
6.571967
6.874388
6.607645
10.63573
9.246929
6.570396
6.544731
6.680699
6.643917
6.742076
6.564738
6.780177
6.608524
6.916619
6.629584
6.543799
7.096006
6.532691
6.645989
6.908052
6.986942
6.907063
6.515401
6.756568
11.270097
6.538906
9.674254
6.558102
6.602907
6.621998
6.582772
6.558821
6.901028
6.822406
6.598088
6.989402
7.006135
6.597937
6.506184
6.540084
6.923008
9.873364
6.606426
6.824184
6.882825
6.827565
6.53312
6.971698
10.160567
10.900697
10.143463
12.036495
6.546974
6.609774
6.754964
6.54447
6.588886
6.922318
6.798606
6.886015
6.744945
10.935121
6.990359
6.60328
6.677874
6.744264
6.861718
6.726403
10.32615
12.593385
12.4286
6.750771
6.626555
6.560804
9.01053
6.820633
6.607164
6.551305
6.932202
6.610747
6.558602
6.944426
6.811741
6.646383
6.531926
6.575363
11.169035
7.002131
6.562199
6.795428
11.158649
6.738122
6.543268
6.579864
6.591935
6.598013
6.728896
6.869394
6.521948
6.929162
6.584417
6.785597
11.046573
6.817569
6.573488
6.791391
6.563963
6.583234
6.60078
6.602028
12.403489
6.56652
6.874775
6.534053
6.586714
6.575281
7.069624
6.865003
6.967276
9.977036
6.722623
6.765451
6.914111
6.791963
6.555635
6.932723
11.970848
6.827176
6.854232
6.787159
6.588767
6.952804
6.880104
6.741317
6.891424
6.773162
6.624282
6.74418
6.902961
6.562927
6.533999
11.754502
6.886876
6.906176
6.591675
6.569805
6.903267
6.778117
6.632318
6.534033
10.669053
6.651628
6.802807
6.564266
7.051046
6.785535
6.847358
6.826069
6.732341
6.805407
8.684213
6.54076
6.552651
6.745723
11.712557
6.878754
9.834548
6.871081
6.556298
6.559613
6.558968
6.515365
11.210232
6.908325
6.564143
6.548464
6.790596
6.937349
6.601598
6.540315
11.823756
6.587753
6.565077
11.182987
6.611581
6.898975
6.604453
7.026797
6.596003
6.785698
6.923015
6.938858
6.817974
6.56103
6.602862
6.944365
6.861696
6.580236
6.565666
6.842856
6.765148
6.593589
7.021854
6.901017
6.578676
6.60343
6.535274
6.574487
6.864632
10.676433
6.584128
6.91052
6.888659
6.75908
6.550958
6.919527
6.804817
10.015223
6.536175
6.608001
6.87821
6.761925
6.578726
7.03534
10.912274
6.561777
6.893435
6.947442
11.707359
6.548604
6.859519
6.944808
6.810934
6.784187
6.861011
6.538435
6.782592
6.821483
6.844915
6.567061
12.571438
6.944114
6.518724
10.719781
6.545822
6.820871
6.545884
6.55651
6.594298
6.880036
6.548984
6.57882
6.558772
6.982842
6.981158
6.604102
6.547942
7.039763
6.901922
6.948974
6.618311
6.986759
6.548254
6.747291
6.560589
6.924807
6.566541
10.556448
6.551022
6.582202
6.579149
6.611253
7.127124
6.591015
10.330591
6.514666
6.581563
6.586535
6.895576
6.552931
11.421411
6.614277
9.705191
6.921623
6.553928
6.948052
10.749304
6.586239
7.092705
6.716925
9.186173
6.916259
6.900828
6.523016
6.804712
6.5665
6.530549
9.049781
6.948857
6.70264
6.845853
6.826254
6.830846
6.899759
6.555594
6.855725
6.614192
6.884509
6.536988
6.561206
7.011841
6.636142
6.550271
6.531406
6.882767
6.93696
6.731254
6.58698
6.709155
6.711595
6.568878
6.593996
6.794613
6.579677
6.605934
11.7321
6.564888
6.917197
6.607693
6.607299
6.579333
11.456186
7.002501
6.87029
11.12401
6.496467
6.599321
6.95253
6.87566
6.533081
6.612327
6.699094
11.981446
10.014585
6.656284
6.880718
6.54667
6.606283
8.767216
6.575423
11.017059
6.726496
7.044385
6.844758
11.097924
6.917719
6.615844
6.554284
6.598578
6.792147
6.531433
6.885446
6.554554
6.766585
12.352963
6.653807
6.600386
6.842842
6.917514
6.772349
6.563574
7.060085
6.857054
6.903156
6.533354
6.564723
6.752137
6.845925
6.815761
6.927478
6.923402
6.550503
6.571241
6.923803
6.92376
6.596886
10.869079
6.797807
6.955287
6.884606
6.785787
6.817963
6.772326
7.037767
6.584747
12.109715
6.695004
6.548841
6.590496
6.555908
6.60648
6.775089
7.009354
6.515389
11.319591
6.866545
6.60525
10.340914
6.839051
6.753168
6.526784
6.561413
6.793535
6.988336
7.026292
6.674151
6.629133
6.583542
7.09934
6.876532
6.588639
6.798203
6.606231
6.571809
10.106037
6.540373
6.573938
6.71524
10.223572
6.930653
6.587884
6.759976
6.747138
6.57352
6.600106
6.571792
6.531093
12.237638
6.604967
6.743013
12.265332
6.904621
6.539316
6.541989
9.697043
6.86533
10.700201
6.535267
6.981232
6.892422
6.582077
6.569264
6.898502
6.949705
6.523697
7.024811
6.87096
6.736804
6.853846
6.585796
6.5942
7.131355
10.708559
6.684828
6.567588
6.587038
11.241752
6.891159
6.956943
6.589334
6.545644
6.851447
6.545402
10.467434
6.759321
6.574767
6.572142
6.580407
6.903297
6.771776
6.577604
6.938448
6.811138
6.546609
6.595433
6.992665
6.85518
6.553925
6.931136
6.81365
6.789763
6.881989
11.300584
6.551893
6.810125
6.905974
6.588679
6.513016
6.771502
6.955242
6.585423
11.368378
6.552548
6.603641
6.598557
6.851853
6.586763
6.852591
6.580304
6.847208
6.896795
6.548397
6.57949
6.848347
6.919749
6.548629
6.549859
9.987861
11.424274
6.577114
6.566875
6.60663
10.139461
6.881749
11.725248
6.993821
6.54599
6.58837
6.524615
6.600387
11.404822
6.904372
6.554879
6.532032
6.94116
6.855277
6.56878
10.74589
6.568349
10.718294
6.581325
6.586716
10.076365
6.856695
6.587751
6.752082
10.01851
6.557249
6.920953
6.578387
6.918541
6.975908
6.886723
6.640039
6.861145
6.889198
6.527904
7.090441
6.901306
6.913392
6.617515
6.558255
10.619154
6.924723
6.873798
6.592653
6.53376
6.569565
6.817791
6.922416
6.525506
6.852342
6.74616
6.860975
6.546002
6.549512
6.533833
6.800442
6.5404
6.554496
11.016502
6.614728
6.613001
6.606441
9.042305
6.607035
6.548072
6.56922
6.751263
6.556385
6.94654
6.756479
6.632206
6.853962
7.105909
6.820976
6.579427
6.964218
6.616132
6.639513
10.047855
6.881984
6.566334
10.358299
6.607436
6.894654
6.585994
6.91027
7.026516
6.520806
6.637516
6.553014
6.958086
6.821562
6.560445
6.569323
6.689342
6.72894
6.601101
6.896797
11.589366
6.851494
6.589021
6.832192
6.894728
6.938146
6.575911
6.570409
6.894959
6.87525
7.10025
6.729057
6.891255
6.917362
6.804983
6.906342
6.896797
6.599342
6.546316
10.005327
6.891236
12.883503
6.548968
6.561263
7.005606
6.803149
6.797876
6.589923
6.957492
6.783475
6.552376
6.925594
6.73202
6.923963
6.830767
6.592114
13.260382
6.576058
6.780907
6.576284
6.580014
6.777153
6.582923
7.003203
6.496091
6.58015
6.75089
6.762053
6.584361
6.8731
6.737272
6.90089
6.57355
12.762737
6.590097
6.786974
6.607829
6.94311
10.412007
6.777081
6.581285
6.7849
6.565233
6.530035
6.591352
6.541365
9.820625
6.540091
6.812349
7.036374
6.740208
6.55565
6.606612
6.824541
6.594323
11.137019
6.651721
6.887134
9.14601
6.730442
6.565764
6.804701
11.100974
6.881711
6.996342
6.852577
6.591951
6.840739
6.810018
6.911521
6.756945
6.907301
6.537011
6.680356
6.836406
6.746802
6.595113
6.774463
11.530171
6.559158
7.060892
9.950807
11.262616
6.94023
6.758794
6.594331
6.80585
6.750421
6.563518
6.961265
6.900122
6.607487
6.540284
6.546227
6.581158
6.969236
6.607964
7.002216
6.823823
6.790002
6.589375
6.884157
6.757402
6.836932
6.598213
6.602212
6.864658
6.584134
6.557225
6.728333
6.894921
6.531935
6.61868
6.854878
6.794548
12.231945
6.579739
6.553566
11.281582
6.55057
6.583479
6.742043
11.400375
6.57456
6.588034
6.927046
6.625232
6.961553
12.58884
6.539285
6.547963
6.580709
6.551407
6.618292
6.556037
6.760705
10.737121
11.046785
6.610759
6.977782
6.575183
6.575769
6.636458
6.564373
7.021014
10.495399
6.597861
6.800109
6.91208
6.792083
7.056642
6.967746
12.584671
6.566563
6.618517
6.589359
6.574422
9.424815
6.592832
6.911366
6.835674
6.889413
6.630425
6.927363
6.866645
6.573253
6.695523
9.821098
6.942074
6.917363
6.760061
6.523048
6.958726
6.863329
6.921808
6.53021
9.400887
6.965211
6.576238
10.583946
6.955285
6.540893
6.60175
6.511477
6.581263
6.894879
6.606207
6.869535
6.848262
6.516182
6.53557
6.619447
6.62414
6.749959
6.557213
6.975366
12.561645
6.774825
6.599811
7.093284
11.547842
6.569841
6.574488
6.869453
6.71036
6.597863
7.059662
6.579108
10.65923
6.965752
6.893466
6.597232
10.669276
6.932519
6.565141
6.982174
6.570885
8.535117
6.587238
6.867379
9.377782
6.535084
6.583745
6.609435
6.773327
6.643606
6.555815
6.836129
6.784123
6.906968
6.602025
6.576339
6.607598
6.567706
12.364172
6.702496
6.571692
6.56436
6.571664
6.763841
6.878389
6.55463
6.549333
6.786706
6.942624
6.966316
6.708388
6.56113
7.006368
6.68733
6.847282
6.54253
6.88025
6.91225
10.532467
6.839454
6.52616
10.975894
6.610038
6.591266
6.587296
6.566347
6.862938
6.857435
6.811014
6.934466
6.942136
6.550228
6.579608
6.587946
6.79292
6.775958
9.970613
6.88455
6.895781
6.857752
6.586424
6.972976
10.15714
6.566241
6.53981
6.57135
6.930565
6.59976
6.543586
6.833775
6.755621
6.534205
6.565602
6.552805
6.813637
6.795139
6.550152
6.616827
9.95764
10.616446
6.574042
6.888326
6.584148
6.911052
6.613025
7.077811
6.645894
6.875524
6.579151
6.768318
6.897875
6.577519
10.13463
6.549456
6.610861
6.773302
6.550277
6.756751
10.813549
11.018726
6.562391
6.840581
6.562441
6.627794
6.529383
6.533278
11.003357
10.054093
6.551294
6.552064
6.881984
6.876536
6.531982
6.792658
6.94287
6.945931
6.570206
6.925808
6.546759
6.571766
6.888106
6.577981
6.580482
6.767143
6.948667
6.703878
6.547141
7.047897
6.730173
6.686869
6.926453
6.546707
6.967733
6.540342
6.742991
7.090957
10.541343
6.520673
6.530515
6.84207
9.700047
6.631308
6.537075
6.545609
6.878475
10.492732
6.517879
6.969297
6.87635
6.755329
6.54016
6.830896
9.69414
6.937998
6.549648
6.601247
8.934767
7.027077
6.595365
6.955572
11.169246
6.556826
6.571546
9.689161
12.420389
6.801987
6.559495
6.570319
10.889249
6.528436
6.555801
6.669383
6.621529
6.578047
6.611717
6.778076
6.558459
6.54904
6.630458
6.611714
11.518448
6.738703
6.56146
6.747079
6.894939
10.097685
6.571791
6.826183
6.77065
6.573642
6.97981
6.867889
6.554082
6.938866
6.59097
6.905239
11.399784
6.952404
6.617759
10.121678
6.706709
6.797754
6.562074
6.809866
7.01405
6.696477
6.570106
11.957775
6.849071
6.604017
6.977773
6.802378
6.546941
6.759917
6.892898
7.021746
12.450269
11.191174
6.755974
6.804513
6.571892
6.889514
6.641659
6.935165
6.575502
6.587437
6.608686
6.552251
6.585675
6.784114
10.104953
6.816121
6.929384
6.628907
10.624246
6.580117
6.52404
7.012221
6.919124
6.889602
6.724152
6.595308
7.042001
7.020731
6.560857
6.619463
10.339372
6.715327
6.55957
6.530911
6.622348
6.589221
7.077066
10.193296
6.763605
6.722375
6.541251
6.905973
6.565465
6.816462
6.964572
6.80073
6.955323
12.567847
6.584022
6.556155
6.907788
6.579762
6.548538
6.538186
6.856468
6.58026
6.522436
6.550519
6.794406
6.883292
6.746211
6.527705
6.884905
6.562433
6.562487
6.9688
6.895572
6.734317
6.62993
8.744527
6.563429
6.780745
6.550141
12.546741
10.805454
9.248823
6.604598
6.605027
6.741374
6.861789
6.692064
6.85192
6.658958
6.654398
6.55049
6.559651
6.60496
6.604343
10.105862
6.577792
11.166221
6.558598
6.575206
6.575293
11.495577
6.971951
6.78092
6.891602
10.191461
6.985146
6.556544
6.600625
6.774295
6.562574
10.932247
6.821201
6.568742
6.809837
10.137093
6.546542
6.567356
6.547905
7.011067
6.915646
6.576732
6.567832
6.77508
12.373225
6.559532
6.557038
6.930972
6.958048
6.64043
6.868681
6.884038
6.53612
6.928846
6.569083
10.529046
7.008473
6.55534
6.900688
6.513921
6.765652
7.016826
6.795564
6.925023
6.778055
6.535029
6.560156
6.872243
6.832597
7.01412
6.866009
8.833967
6.549875
6.513372
6.591319
10.042927
6.546673
6.569604
6.606745
10.719649
6.988293
6.618948
6.919987
6.93704
6.546712
6.790101
6.785372
6.602088
6.576178
6.896006
6.553406
10.183766
6.540115
6.596352
6.836156
10.747361
6.538271
6.571722
6.818841
8.861007
6.93746
6.615177
9.651193
6.859415
6.821156
6.590324
6.791634
6.801167
6.930761
6.614689
6.562763
10.716581
6.829537
6.541311
6.605486
11.93004
6.879096
6.58092
6.72453
6.996929
6.566338
6.567236
7.014486
6.926901
6.735463
6.529616
6.762917
6.906605
6.582857
6.582981
11.618994
6.869293
6.542086
10.180129
11.175679
6.563893
6.526768
12.857459
7.059889
6.951018
6.769421
6.917987
6.960152
6.583876
6.571285
6.773666
6.964284
6.932695
9.805109
7.021833
6.900235
6.649735
6.616642
6.936468
6.956623
6.578545
6.789549
12.780051
6.62121
6.57063
6.548103
6.947772
6.896929
6.686395
6.55308
6.84402
6.571245
6.551238
6.927419
6.736771
6.558773
6.623666
6.926918
6.556983
6.559797
6.559872
6.876874
6.583098
6.549639
6.620938
6.940375
6.553392
10.700712
6.564095
6.778511
6.778172
6.531884
6.62525
12.408628
10.492358
6.487874
9.837067
6.870238
10.084005
6.551134
6.607914
6.637704
11.620589
6.771402
6.944213
6.593905
11.230002
6.876642
6.521143
6.886138
6.899147
6.644296
6.552759
11.802375
6.831015
6.628896
6.561154
6.883283
10.62807
6.740697
6.55364
6.560663
6.5797
6.773984
6.537875
6.857992
6.83959
6.65068
6.864867
6.530121
6.784099
6.7922
6.557625
6.523484
6.768935
6.935801
6.570802
6.558719
6.940739
6.842979
6.530617
10.046276
6.695998
7.00496
6.748056
6.843763
6.545643
6.53954
6.901776
7.004486
6.566016
10.863051
11.971055
6.871933
6.535899
6.537564
11.567806
6.645743
6.600525
6.540639
11.765947
6.57755
6.559137
6.642005
6.573233
6.567767
7.096272
6.921477
6.568141
6.715399
6.58472
6.819838
6.558048
6.767174
6.595821
6.516319
6.546693
6.563379
6.559237
6.544422
11.406028
6.585965
6.586958
6.752791
6.914131
6.513296
6.635131
6.990037
6.850322
10.018514
6.610822
6.615265
9.705135
6.873528
6.556923
6.91667
11.71936
6.829764
6.596709
6.60352
6.93317
7.119529
10.855803
6.942141
6.833615
6.982582
6.59641
6.835353
6.878956
6.940001
6.912299
10.574564
7.011996
6.859156
6.514017
6.551043
6.595337
6.595701
6.554375
6.596244
6.904631
6.955139
6.934926
6.515882
6.921049
6.932224
6.538373
6.536848
6.859879
6.597298
6.546713
6.741523
6.57073
6.915753
6.876448
6.624302
6.543469
6.567863
6.537653
6.91629
12.084093
6.800058
6.601519
6.924838
6.539382
6.883622
6.849323
6.752019
6.587786
11.723177
6.905223
6.754876
9.294827
6.536345
6.573922
6.580292
6.581768
6.987175
12.252241
6.523647
6.569983
6.575034
6.553532
6.984124
6.549363
6.937031
10.943195
10.533851
6.544482
6.52989
11.015546
6.569086
6.564526
6.741636
11.774949
6.720925
6.581947
6.584789
6.604986
6.605895
6.944258
6.850547
6.639574
6.730174
6.906182
6.777721
6.85328
6.851308
6.54319
6.877547
6.752975
6.70967
6.888397
6.493017
10.444716
6.584505
6.595086
6.798998
8.902776
6.946419
6.733311
6.919903
6.933179
11.205321
6.509759
6.645057
6.723929
6.725562
6.754627
10.196557
6.602285
6.767527
6.577273
6.577985
6.896894
6.588378
6.61319
6.737793
10.71868
6.916784
6.746692
7.000924
6.941157
6.544338
6.524883
6.874721
6.718486
6.701948
6.585168
6.567182
6.758661
7.087852
6.572177
6.550791
13.025259
6.934691
6.633635
6.843802
9.880318
6.571392
6.588084
6.888777
10.727665
6.894909
6.769791
6.554431
6.760485
6.776569
11.284344
6.575983
6.562149
6.811314
6.612305
6.619803
6.544285
6.601422
12.958248
6.938004
6.601131
6.561484
7.060539
12.040257
6.578992
6.75712
6.71739
6.841205
6.519299
10.438345
6.931301
6.517242
6.571844
6.589399
6.576518
6.753182
6.561988
6.721959
6.874973
7.046323
6.568427
6.714225
7.052791
6.915814
6.850552
6.599843
6.848378
6.547985
6.538781
6.536878
6.764158
6.710495
6.520313
6.913354
6.590647
6.550956
6.558509
6.599337
11.935183
10.801498
6.76458
6.708146
6.592776
6.783572
6.554983
6.570434
6.930524
6.78515
6.583771
6.842468
9.736106
7.107276
6.558287
6.749322
10.319205
6.800091
6.577098
6.827167
11.695312
6.842132
12.200271
6.779988
6.559669
6.548301
6.572144
6.545861
11.974129
6.820627
6.939503
6.618527
10.400482
6.725444
6.585658
6.587119
10.426552
6.561031
6.631836
6.838024
6.558328
6.936383
6.598193
6.586125
6.789768
6.808041
6.573966
6.610418
6.792141
6.587764
7.024209
6.867978
6.544511
6.563649
12.542877
6.733405
6.59764
6.560542
6.60197
6.908842
6.824719
6.793348
10.413563
6.551319
6.982787
6.536571
6.809803
6.87535
6.546388
6.78045
6.952273
6.855148
6.532418
6.915205
6.793334
6.572796
6.530375
6.5525
11.563225
6.921018
6.884966
6.510528
6.944908
6.745691
6.573247
6.577799
6.799124
6.751061
6.527396
6.97549
6.520169
6.807206
6.593083
6.815368
6.933177
6.892314
6.561898
6.910326
12.113672
6.55128
6.585372
6.604277
6.564839
6.541226
6.575622
10.198298
6.974257
6.57261
6.631412
6.625441
6.768415
10.902977
6.557724
7.018542
6.545736
6.54899
6.544912
6.978426
9.894281
6.93293
6.584583
6.486759
11.543218
6.528677
6.855249
6.518584
6.542224
6.93142
6.748948
6.97363
12.806569
6.861378
6.550289
6.821535
13.180418
6.600292
6.584693
6.514202
12.23664
6.763436
6.542427
6.809881
11.815117
6.897365
6.607609
6.516356
6.810462
6.806315
6.511742
6.981701
6.917147
6.558604
6.515958
6.579449
6.543405
6.77725
6.90688
6.873931
6.582037
6.895858
6.740814
6.901427
6.936902
6.607771
6.868809
6.532262
6.747125
6.519088
6.929574
6.56623
8.873569
11.538242
11.648033
6.580152
6.525633
9.040932
6.980635
6.727004
6.558621
11.459246
6.662523
6.518233
6.52968
6.894732
6.561379
6.778795
6.894504
6.723963
6.801269
6.662977
6.578071
6.774811
6.827358
6.585903
10.999969
11.977663
6.833719
6.612057
6.607812
6.914901
6.619461
7.024622
6.895967
6.572692
7.000747
6.862485
7.002311
6.86602
6.575181
6.554164
7.04621
6.937679
6.89541
6.609751
7.014726
12.410555
10.096522
6.536826
6.537656
12.1109
6.543063
6.82224
6.999783
6.901655
6.931301
6.546599
6.893801
7.10797
6.844777
6.58004
11.105822
6.553956
6.754013
6.609444
6.967452
6.570562
6.522924
6.587446
6.884123
12.923755
6.783604
6.544177
6.511263
10.105729
7.099797
6.894046
6.880326
11.674923
6.961416
6.557723
6.876
6.59538
6.58118
6.600299
6.553032
12.386686
6.821694
6.725513
6.549945
6.576942
6.604179
6.592806
10.039906
6.91019
6.76888
6.911715
7.105269
6.886333
6.928687
6.59022
6.882229
6.621089
10.20964
6.926034
6.747659
6.548154
6.769842
6.829079
11.793172
6.543427
6.540418
6.939369
6.839963
6.936175
6.589945
6.907392
6.721294
6.829745
6.973595
6.546362
6.595005
6.537983
6.710207
6.551849
6.995098
6.567937
7.062607
6.687849
6.588728
6.551416
10.931257
6.88064
6.566247
7.03138
6.91837
9.473127
6.542327
6.578947
6.555558
11.594094
10.876127
6.608215
6.993469
6.587442
6.646496
6.56362
6.555741
10.081806
6.875022
6.588923
6.793199
6.911945
6.935063
6.770192
6.881871
6.650273
6.948091
6.524584
6.574247
10.298658
6.625406
6.592537
6.852841
12.312669
6.790145
6.57365
6.552216
6.93677
6.775044
6.55875
6.598464
6.856719
6.801544
6.922224
6.614429
6.749725
6.84354
6.512123
6.923756
6.579535
6.531681
9.595627
6.55984
6.888819
6.905113
6.544611
6.795793
6.916802
6.986254
6.568595
6.696625
6.944091
6.929483
6.53121
6.538673
6.912447
6.833583
6.566112
6.897735
12.3514
6.544205
6.868537
8.44883
10.265277
6.904002
6.823999
6.611368
6.5226
10.795939
6.743251
7.130782
6.822679
10.049783
6.934118
6.785461
6.582018
6.884151
6.925339
6.591115
6.570681
6.524349
6.581057
6.758384
6.590323
6.605158
11.100327
6.90181
6.619195
6.721569
6.858564
6.604356
6.534824
6.551872
7.035359
6.89558
6.793857
6.77515
6.778256
6.875682
6.749598
6.530118
6.876395
6.585672
9.903725
7.128959
6.826649
10.248738
6.57993
6.527101
6.771128
6.831583
6.538541
7.039664
6.521121
6.745576
6.79599
6.72353
6.532989
6.80039
6.560201
6.596444
6.795552
6.751075
6.616683
6.605899
6.877874
6.628686
6.831717
6.536533
11.039531
6.812095
6.520086
6.535132
6.537005
6.770032
6.754679
6.565567
6.792388
6.809106
6.54758
6.593515
6.536666
6.608888
6.844991
9.622248
6.89084
12.136593
6.77728
6.64917
6.935516
10.555329
6.838057
7.031549
6.575756
6.802516
6.900812
6.576741
9.744669
6.556455
6.594737
6.578077
6.733735
6.577326
7.020885
6.6013
6.708011
11.909413
6.533965
6.563344
6.62025
6.580316
6.872017
6.536329
6.819768
6.943921
6.518936
6.536983
6.577464
6.977743
6.610818
6.558923
6.542099
12.124344
6.892171
6.782493
10.03917
6.572621
6.750107
6.856782
6.805885
6.991107
6.769524
6.734641
6.754665
6.561375
6.545086
6.763263
6.584351
6.541431
6.903857
10.131047
6.527679
6.777545
6.549054
11.017276
9.701166
6.534814
6.577149
6.732518
6.607866
6.544576
6.92977
6.87802
6.776447
6.546556
6.861664
6.590705
6.772202
6.923229
6.839711
9.578919
7.025277
6.570761
6.565391
9.518979
6.772613
6.543655
7.050273
9.798663
6.579914
6.553691
6.517692
6.581109
6.857188
7.102527
6.638025
11.971099
6.599172
6.631121
6.559479
12.440807
6.563162
6.601842
6.852898
10.496004
6.803211
6.608081
6.569559
6.959405
6.601569
6.572039
6.8402
7.145843
11.8435
6.809491
6.819149
13.079645
6.757844
6.593872
9.705357
6.585312
6.934306
6.57563
6.855777
6.88166
6.580326
6.617469
6.556086
6.8744
6.535557
6.547308
6.944071
6.871791
6.918596
6.614363
6.821778
6.787972
6.843306
7.009538
6.782831
6.550933
7.026015
11.634532
6.561085
6.620619
6.754684
6.798144
6.984577
7.032226
6.637957
6.819922
6.843647
6.532647
6.781119
6.802819
6.615376
6.582903
6.778785
6.869699
6.973829
6.535958
6.870827
6.57488
7.045926
6.604069
6.883306
6.610404
7.10687
6.52305
6.559963
6.999104
10.503765
6.60601
6.870644
6.746704
12.237961
6.562502
6.889436
10.763264
6.530166
11.810966
6.581848
9.908013
6.899599
6.587899
6.815167
10.532752
6.615452
7.022166
6.837133
10.718037
6.766126
6.786567
6.932886
6.626712
6.772589
6.591555
10.191697
12.492836
7.069804
6.543752
6.526202
10.608538
6.961325
7.016379
6.866922
6.532093
6.914777
6.542036
6.558963
6.896141
6.552331
6.551947
6.535935
6.754708
6.763828
6.804637
6.57783
6.626602
6.923527
6.567652
6.854272
10.374085
6.736417
6.565795
6.918958
6.73234
7.018828
6.509762
6.910509
6.552081
10.434293
6.541136
6.788961
6.769174
6.57765
6.585755
6.733201
6.914636
6.538444
6.552719
6.725783
11.067235
12.438133
6.931003
6.564501
6.582316
6.767728
6.712879
6.555757
6.544519
6.909686
6.582713
6.530806
6.805079
7.062891
6.546048
6.578635
6.634637
6.956089
6.558993
6.935673
6.550822
6.818106
11.560758
6.58057
6.604877
6.85708
6.984859
6.894847
7.12881
6.95333
9.597659
6.630455
6.577526
6.609378
11.190865
6.931102
6.589004
6.760258
11.040489
6.835084
6.639325
6.798915
6.945915
6.619537
10.851333
6.815929
6.825796
6.806446
6.767609
6.897078
6.79928
6.913178
6.531702
6.564056
6.573635
6.911074
6.574285
9.294552
6.893892
6.530924
6.580098
6.596483
6.9022
10.381138
6.584599
6.547506
7.040765
6.825323
6.543604
6.594099
6.848407
6.914108
6.783303
6.911113
6.58524
6.630327
6.555113
6.674902
6.618298
6.972182
6.554589
6.832859
6.924207
6.565999
6.596786
6.857657
6.761542
6.525037
6.993779
6.88258
9.841378
6.535122
6.598987
6.565298
6.618027
9.067447
6.530708
6.865213
11.084568
6.787182
6.548401
6.641612
12.196071
6.797669
6.782769
6.55818
6.613208
6.741419
6.912561
6.574825
6.547838
6.553961
11.642329
6.785101
6.622456
6.969505
10.90071
6.590235
6.558331
6.796762
6.552982
6.863689
6.902167
6.667656
6.555478
6.936827
6.532742
6.525346
6.751731
7.054594
6.559433
6.572876
6.546657
6.821624
6.619324
11.793609
9.855176
12.633671
6.935683
6.52864
10.686167
6.776426
6.522426
6.601494
6.741455
12.048847
6.595194
6.579625
6.780057
6.821318
7.075932
7.016592
6.794111
6.761738
6.577709
6.577004
6.564475
6.684553
6.83626
6.787512
6.720342
6.581915
6.521389
6.731688
6.901984
6.535043
6.85924
6.763784
7.020166
6.887119
6.603317
6.886899
6.981621
10.895896
6.57353
6.73422
10.383689
6.968062
6.56135
6.559788
10.916287
6.612
6.583281
6.572913
6.976784
6.713885
10.770142
7.011616
6.91307
7.035364
6.591291
6.718412
10.769163
6.654397
6.555554
6.67152
10.681876
6.61217
6.610385
6.553077
12.868322
6.533921
6.62242
6.619839
11.498124
6.922729
6.952673
6.758588
6.600187
6.588626
6.554341
6.520193
6.626959
6.932215
6.553493
6.743693
6.572679
6.866203
6.910317
6.822969
6.559549
6.858429
6.737363
6.800767
6.904126
6.574771
6.97374
6.542669
6.836373
6.575921
6.899235
6.637009
6.506202
6.899776
6.74352
6.920655
6.610263
6.529323
6.749076
6.913222
6.513932
6.774186
6.863319
6.91867
6.866284
6.621968
6.786288
6.546156
6.529088
6.841194
12.495615
6.910814
6.837002
6.916064
12.388375
6.518929
6.614441
6.572628
6.889411
7.019258
6.769921
6.603292
6.950616
6.546011
7.075233
6.54933
9.739381
6.559849
6.547522
6.904727
11.295688
6.527185
6.596626
11.735098
11.070806
11.715773
6.599129
6.900675
6.606969
10.286562
6.604729
6.866118
6.675883
6.933712
6.990152
6.56159
10.652613
7.024726
6.569002
6.880395
10.788992
6.550878
6.571081
10.190071
10.211925
6.985912
6.624817
6.560131
6.89808
6.537567
6.582332
10.900152
6.765401
6.933622
6.911076
6.803843
6.541897
6.914546
6.544963
6.563318
6.569963
6.877511
6.591059
6.839705
6.506142
6.571281
9.854559
6.959279
6.553641
6.755738
6.798353
6.864651
6.550131
6.617172
6.807043
6.934968
6.547633
6.865685
6.767958
7.080499
6.588271
9.893282
6.548089
6.822136
6.549041
6.591685
6.926498
6.563425
6.516558
6.929471
6.786048
6.517071
6.860934
6.813573
6.918021
6.581246
6.581567
6.556395
6.9085
6.515164
6.610144
6.932588
6.538948
9.901073
6.548684
6.939608
11.416352
6.727144
6.597479
6.974983
6.791804
7.072253
11.72313
6.536446
6.819002
6.573627
6.586227
6.838309
9.851071
6.900273
6.566342
6.918084
11.533817
6.976978
6.586359
6.884687
11.854613
6.585712
6.584284
8.740642
9.296083
6.842047
6.86271
6.647999
6.950643
6.866993
6.561174
6.595787
6.631204
6.580302
6.602321
6.89581
6.539976
6.840614
6.545992
6.787897
6.563936
6.770788
6.920881
7.06164
7.025811
6.933398
6.543179
6.565229
6.904661
6.567204
6.547942
6.571299
6.977271
6.572122
6.592319
6.52077
6.595177
6.583597
6.888467
6.881559
6.616116
9.827917
6.877914
6.880429
6.847597
6.851561
6.525134
6.573999
6.536058
6.842599
10.123781
7.110286
6.591837
6.578484
6.585391
6.57507
6.557981
6.933987
12.197595
10.975196
6.580036
6.565209
6.735888
6.947575
6.56955
6.769219
6.566164
6.549006
6.548861
6.815895
11.396086
6.765145
6.561297
6.571902
9.879
6.580996
6.578441
6.695732
6.551756
11.793475
6.559326
6.905278
6.982614
6.746946
6.714535
6.827521
6.715486
6.549154
6.558264
6.611615
12.539109
6.857312
9.361287
6.569197
9.627074
10.641652
6.559999
6.600401
6.71714
6.793182
6.622633
11.338828
6.894361
6.529296
6.545963
6.580017
6.550057
7.055678
6.62434
6.855813
6.89923
6.563568
6.627737
6.536075
7.008337
6.835206
6.582463
6.585038
6.93825
6.546583
6.774644
6.890005
6.792267
6.552757
6.572355
6.817604
6.935386
6.622954
6.609512
6.589861
12.109214
6.778037
6.877773
6.59963
10.537406
6.753381
6.568551
6.950201
6.950005
6.999201
6.812101
6.824147
7.001018
6.558906
6.783289
6.733384
6.567407
11.146108
6.769354
12.337546
6.581589
6.735427
6.573918
6.764809
6.56425
9.697273
9.820824
6.951987
6.545836
6.542492
10.784849
6.665922
6.950789
6.796475
6.757492
6.946034
6.588132
6.560644
6.606958
6.529943
6.54476
6.528255
9.662462
6.806482
6.598586
6.56916
6.646354
6.752464
6.544903
6.894085
10.430238
6.975603
6.514213
6.808403
6.896842
6.74288
6.529846
6.880331
6.538921
6.569362
6.586528
6.974896
10.319805
11.517394
6.563889
6.585989
10.157959
6.532714
6.76105
6.51429
7.035817
6.52787
6.882723
6.605958
6.774346
6.56088
6.775634
6.693198
7.069448
6.948721
6.566696
7.021984
7.040831
6.750128
6.565168
11.077927
6.74437
6.880927
6.550061
6.586734
6.898087
6.896932
6.971065
6.861791
6.933904
6.896471
6.556817
7.105783
6.821599
6.549524
6.565129
6.797538
11.075899
6.832061
6.553599
6.559977
8.367728
6.565208
6.602236
6.573511
6.711035
6.9356
6.623151
6.529134
6.98139
6.53911
10.248701
6.582642
6.590078
6.749644
10.74887
6.766742
6.591347
6.536078
6.590033
6.92535
6.588421
10.771582
6.765395
6.570593
6.592957
6.563107
6.932666
11.406324
6.561045
6.534505
6.586766
6.587182
6.574159
6.573086
10.034567
6.751065
6.607325
6.88453
6.927989
7.02175
6.555358
6.933724
6.554301
6.831503
7.025271
6.93583
6.759739
6.573455
6.553426
6.936755
6.810929
6.572876
6.851807
6.760879
10.167013
6.529
6.630995
6.557531
6.84998
6.935392
6.529785
6.965591
6.87793
6.947021
6.573439
6.87933
6.951732
6.566813
6.864707
6.585892
10.137238
7.019611
6.736257
6.950021
6.558952
6.632815
6.632767
6.860755
9.849715
6.610334
6.558563
6.504322
7.033826
6.758951
6.625642
10.470642
11.579493
6.569503
6.882884
10.785502
13.269162
6.829455
6.560739
6.540894
10.507315
7.031623
6.589946
6.768632
6.573943
6.580756
6.532801
6.544612
6.537667
6.742411
6.567674
6.741343
6.891635
6.547355
6.655046
6.783226
11.622934
6.719939
11.353206
6.871294
6.562577
6.939133
9.654511
6.708957
6.515315
6.553262
10.524776
6.821643
6.568238
6.749122
6.807877
6.559736
6.528582
6.844937
7.105374
6.850472
6.748653
10.487649
10.524958
6.570412
6.536535
6.60496
6.562267
6.892637
6.575235
6.861917
6.734008
6.596851
6.579022
6.542967
6.939205
6.613713
6.909505
6.780643
6.8531
6.781617
6.535324
6.833299
6.747359
6.715995
6.579834
6.785325
6.548158
6.586467
6.571316
6.604705
6.78892
11.073019
7.099134
6.782855
6.747653
6.990671
6.567063
11.955587
7.039552
6.568331
6.596929
6.78182
9.89894
6.584508
6.574999
6.550556
6.569339
6.80964
6.60503
6.561747
11.228202
6.810241
6.903011
6.845192
7.110293
6.613706
6.566797
6.582327
12.589307
6.730933
6.610069
6.716225
6.634608
6.552623
6.588837
6.849891
6.594881
12.001932
7.113925
6.893605
11.464648
6.602387
6.595508
6.87413
6.882315
6.523699
6.940112
6.558494
6.834697
7.041352
12.332382
6.834238
6.554824
6.586545
6.991031
6.565952
6.566591
6.788031
6.536
11.090949
6.850231
6.719321
6.761216
6.572049
6.534697
10.346281
6.785005
6.967335
6.762887
6.867584
10.384028
6.883504
6.529782
6.534165
10.851883
6.538039
6.551091
6.76227
6.868431
6.976954
6.546881
6.89975
6.863443
7.016207
6.754615
6.718015
6.595366
6.813943
6.762759
6.712379
6.584085
6.56023
6.569193
6.794178
10.446314
6.763849
6.55553
6.578787
10.678486
6.521024
6.5802
10.586139
12.922908
6.964715
6.566612
6.871375
6.554443
6.602218
6.581714
6.577583
9.825026
7.02248
6.541292
6.543028
6.544924
6.577425
11.995471
7.016574
6.685366
9.964179
6.597835
6.895087
6.708579
7.034802
6.96162
6.748668
6.60588
6.578832
6.573728
6.568047
10.714092
6.550578
6.598053
6.574342
6.919309
6.533752
6.561291
6.504808
6.780251
10.662646
6.50952
6.55276
6.796738
6.563606
6.585067
6.773349
6.954898
6.827963
6.549777
6.790112
6.573818
7.004445
6.577512
6.556838
7.042367
6.918071
6.865548
10.02663
6.908196
6.935487
6.89438
6.738974
6.515163
6.880433
6.884259
6.93332
11.109206
6.546307
6.907376
6.545079
6.568424
6.752058
10.450981
6.89332
6.609756
6.877014
11.344882
6.58008
6.538743
9.687045
6.897916
6.764916
6.510077
6.534197
6.866847
6.806661
6.63358
6.570552
10.680743
6.542564
6.557328
6.593546
6.695021
6.57896
6.573825
7.017844
6.557887
6.853408
6.575095
6.667426
6.583909
6.820748
6.97585
6.539062
6.574818
6.578924
6.60377
6.596573
10.973654
6.511944
6.558262
6.530484
12.517752
6.55423
6.562632
6.760014
10.97241
11.920875
6.554264
6.554024
6.725275
6.641355
6.524194
6.814494
6.886075
6.816063
6.865091
11.691805
6.597811
6.665351
6.802997
6.591901
12.717793
6.640679
6.982109
6.833959
6.764654
6.864922
6.922039
6.752014
6.885505
6.848971
6.565135
6.549881
6.759374
6.640726
6.569796
6.860714
6.804539
6.57585
6.597736
6.512612
9.234691
6.83733
6.916296
10.161775
6.548977
6.585427
6.760078
6.823398
6.544432
6.899007
9.504697
6.552008
6.899828
6.980143
9.826886
6.558798
6.548102
6.611277
10.591024
6.9443
11.805476
6.535735
10.941949
12.068453
6.530965
6.538772
6.824507
6.745268
6.532522
11.776393
6.586175
6.756653
6.6139
6.519961
6.607189
6.753152
6.596804
6.579616
6.564309
6.999392
6.56323
6.606447
6.726605
6.955007
6.564446
6.562292
6.792356
6.518104
6.856963
6.750504
6.763486
6.581286
6.621204
6.587085
9.144929
7.078079
6.580011
6.851495
6.824891
6.563725
6.609764
7.09938
6.96272
9.204874
6.934206
7.001608
6.853073
7.006159
6.544009
7.077685
6.832955
6.789863
6.836657
6.798444
10.719889
6.538936
6.565726
6.779771
12.411085
6.851278
6.774251
6.611418
6.695002
6.64522
6.826689
6.531095
7.082884
6.762245
6.59096
6.576682
9.971705
6.900625
6.610287
7.122939
12.219656
6.542232
6.541945
12.803931
6.561316
7.034557
6.598747
6.888406
6.527653
6.705758
6.963289
6.777175
6.544991
6.753478
6.914896
9.640663
6.622042
6.986786
10.5689
6.724538
6.616896
6.581971
9.996909
6.890113
6.577421
6.55462
11.176165
6.57489
6.834529
6.57145
6.6222
6.699544
6.936152
6.592319
6.799313
6.953002
6.608402
6.710668
11.916721
6.612959
6.563883
6.563133
10.563247
6.540736
6.531765
6.53287
9.926317
6.594336
6.977446
6.863976
6.778388
6.518284
6.549841
6.936639
6.890264
6.710122
6.839771
7.098163
6.597464
6.878033
6.562891
6.916427
9.288044
6.612888
6.735382
6.568651
6.933094
6.802405
6.91174
6.809265
6.749869
6.568864
6.53936
11.77284
6.898675
6.543709
6.569206
6.870565
6.871936
6.536651
6.564763
6.645222
10.660416
7.014788
6.564521
6.952415
10.716131
6.692168
6.688438
6.955188
6.878031
6.567356
6.590177
6.88396
6.637975
6.527538
6.56816
6.846022
11.66067
6.887386
6.553313
6.562072
6.600118
6.762951
6.634349
11.398403
10.959304
12.441264
6.786171
6.505032
9.013601
6.973069
6.589238
6.56391
6.591705
11.046729
11.07237
10.750247
6.570461
7.077125
6.540463
10.672172
6.566165
6.739976
6.827232
6.957787
6.662883
6.578352
6.825069
7.00372
6.832725
6.764405
6.91215
6.546259
6.525548
6.545236
6.768013
6.542817
6.556146
6.605198
6.782332
6.616044
6.616081
9.198727
6.981174
6.765486
6.74022
6.75744
6.542993
6.824501
6.546915
6.945605
6.686757
10.512548
6.516759
6.603578
6.577634
6.555981
6.538232
6.630743
9.906182
6.59876
6.562596
7.002464
6.904085
6.549617
6.753674
6.821662
6.913731
6.983926
6.573031
6.553477
12.145863
6.536874
6.77109
6.991915
11.225389
6.745452
6.54451
6.564386
6.591627
6.502425
6.628505
6.766315
6.583118
6.833612
6.572184
6.85167
6.91821
6.735499
6.56095
6.888112
10.302807
6.581592
12.956823
6.586444
12.45308
6.570144
6.602015
6.552251
10.728453
6.735402
6.598054
7.000281
6.781677
6.950433
6.539565
6.548658
6.904467
6.917554
6.579029
6.970935
6.822871
6.883798
6.750364
6.933487
6.835248
6.579976
6.878554
6.893336
6.599572
11.306259
6.75616
6.85738
6.604126
6.838851
12.396056
6.612688
6.532399
6.592081
6.546479
6.70112
6.614299
6.543385
6.549722
6.547664
6.522313
6.545793
10.540366
6.578661
6.50911
7.000048
9.687782
10.108174
6.611196
6.53268
11.45929
6.780856
6.573065
6.96759
10.417873
6.604037
6.546487
6.782753
11.053388
6.768858
6.541949
6.761541
6.8908
6.795175
6.543204
10.158076
6.95028
6.579315
6.513295
6.625174
12.144667
6.784168
6.513889
6.525155
10.53256
6.543872
7.079512
6.5095
6.844117
6.579783
7.005959
6.94441
6.761546
6.690322
6.599835
6.758363
6.717611
6.99657
6.571494
6.55867
6.944349
6.624509
6.54218
6.987746
6.59721
6.746935
6.746361
7.058365
6.918832
6.930662
6.534827
6.913026
6.878558
6.533999
6.617171
6.879023
6.799418
6.735687
6.586963
6.850744
8.359354
6.596547
6.594921
6.538675
11.535589
6.564282
9.924051
6.639013
6.585039
6.689349
7.145032
6.540481
6.536965
6.726723
6.560109
6.547088
6.557515
6.855355
6.542839
6.896352
6.609834
10.87069
12.218975
6.731625
6.574589
6.782117
6.731802
6.584456
6.601155
6.631771
6.866152
6.912585
6.53507
6.623992
6.970599
6.612574
6.5548
6.590563
9.724982
6.919014
6.579761
7.06971
6.903706
6.887414
14.616657
6.933814
7.01274
6.568365
6.547939
6.583597
6.884104
7.030133
6.802926
6.969283
6.753487
6.495193
6.554271
6.54468
6.596841
11.786049
6.555248
6.75926
12.303014
6.894243
6.743304
7.089272
6.837478
6.878293
6.55217
6.571499
6.915022
6.836379
6.891142
6.731773
6.577146
6.533984
6.736573
6.824578
6.566265
6.581824
6.586373
6.723183
9.329792
6.596416
6.596575
6.570254
6.584053
6.799992
6.521619
6.900838
11.470572
6.583635
6.993426
12.59167
10.645438
9.765068
6.615936
7.064151
6.620246
6.602378
6.636344
6.899102
10.730878
6.835507
6.572732
6.565317
6.528905
6.726761
6.590265
6.598058
6.901371
6.781312
6.598412
6.740311
6.560391
6.530851
10.574492
6.743465
6.536513
6.749666
11.972543
6.87415
6.561438
6.765472
6.626125
6.575471
6.563261
6.595485
6.768469
6.882198
6.538474
6.887173
6.959804
6.537479
6.544167
6.544409
6.925877
10.670925
6.590396
6.833926
11.957852
6.575335
6.916515
6.914993
6.981191
6.520995
6.886292
6.745331
6.93962
6.771132
6.7125
6.619604
7.092517
6.878217
6.565514
6.790774
6.758059
6.89763
6.570618
12.022299
6.587539
6.617852
6.548905
6.516918
12.122308
6.87622
6.558085
6.80163
6.866213
6.836322
6.575877
10.388218
6.885166
6.561561
6.588871
6.547472
6.574534
6.745544
6.574392
9.048887
11.349222
6.955333
6.597785
6.567033
6.58466
6.563322
6.639379
6.554283
9.971231
6.819679
6.538002
6.929724
6.686056
6.852151
6.621399
7.07351
6.563695
9.722981
6.553454
6.586857
11.563491
6.546848
6.535524
6.848178
10.070071
6.56595
6.561105
6.748458
6.844318
6.601493
6.756895
6.564458
6.81587
6.585845
7.008635
6.735518
6.633685
7.053917
6.99016
6.893567
6.588307
6.919085
6.552144
6.557751
6.570058
6.573642
6.762077
6.944758
6.564369
6.755398
6.971287
6.605718
6.834758
7.040104
11.873025
10.647219
6.637141
6.588481
11.988467
6.795201
6.572515
6.868532
6.841802
6.908392
6.567177
6.818581
6.871757
6.942084
6.832087
6.8137
6.60255
6.777374
6.765585
6.882816
9.94187
6.930937
6.621034
7.010803
10.313701
6.828286
6.618922
12.384746
6.60722
6.883764
6.575894
6.549816
6.919977
6.553673
6.946486
6.580597
9.312152
6.597382
6.561571
6.584659
6.63427
6.966496
6.605678
6.88768
10.086706
6.997394
6.59811
6.89429
6.54849
10.410877
6.579398
6.841004
6.694324
6.764827
6.669
6.914799
6.892941
6.58757
6.539295
6.827268
10.871559
6.582079
6.577479
6.596659
6.945291
6.750407
6.568401
6.533151
6.815677
6.553983
6.638264
6.895818
7.036693
6.903022
6.73923
6.859982
6.865255
6.904929
6.933232
6.577809
9.965855
6.566794
6.862224
6.575987
6.648644
6.594893
6.91666
6.764944
6.830655
6.882739
6.702764
6.952368
6.536576
6.753594
6.772703
6.589414
6.572262
6.932149
6.747707
6.845902
6.575446
6.854871
10.274314
6.718099
6.629277
6.923579
6.559054
6.574416
6.602838
6.954889
6.770319
6.538522
6.602273
6.530055
6.880501
6.758137
6.580036
7.031562
6.565988
11.068175
6.597018
6.712879
10.059954
6.553651
6.572949
6.956338
6.555333
6.898086
6.57197
6.889418
6.556055
6.82877
6.915837
6.553003
6.883041
6.572786
6.604857
6.532915
10.878926
6.554504
6.610166
6.517985
10.564969
6.601443
6.550163
6.771144
6.58154
6.553336
6.575984
6.879664
6.864264
6.91574
6.543161
7.015813
6.816915
6.566416
6.591321
6.551182
6.895217
6.872925
9.356112
6.960115
6.548234
6.968047
6.516573
6.840199
6.987799
6.817
6.655759
6.545144
6.98206
6.566935
6.546151
12.270571
6.860466
6.545639
6.561501
6.569438
6.765896
6.552162
6.591941
6.57852
11.797725
6.533178
6.606162
6.595655
6.591781
6.969942
6.829317
6.552233
6.516929
6.981782
9.681504
6.540359
6.604064
6.576656
6.601503
6.782
9.461009
6.91768
10.194706
6.558258
6.567282
6.518854
10.939663
11.712383
6.567521
6.624162
6.85914
6.884844
6.609663
6.54835
6.8858
6.824703
6.585087
6.875376
6.575154
6.807591
6.598323
6.574082
6.602558
11.185402
6.589772
6.804111
6.909318
6.601439
6.571638
6.846229
6.778342
6.568541
6.82986
6.962818
6.86224
6.785959
6.941286
6.543177
6.832603
6.753021
6.564309
6.539961
6.946172
6.893354
6.581261
7.021676
6.813949
6.565142
6.548565
6.604379
6.853766
9.971213
6.541761
6.958618
6.514282
6.577442
6.957771
7.044686
11.364879
6.532167
6.531069
6.9048
12.258935
6.547644
6.596365
6.558646
6.938287
6.531371
6.901637
6.534136
7.016997
6.826685
6.542415
6.562077
10.255302
6.919873
6.5623
12.559252
6.572273
6.869508
6.588498
6.576859
6.621246
6.881458
6.612681
6.861942
10.846747
6.526
6.570373
6.55663
6.779356
6.830743
6.997319
6.973427
6.587369
7.019194
9.168003
7.015397
6.584581
6.602682
11.488009
6.628094
6.567748
6.927401
6.59616
6.742149
6.556907
6.585076
6.582153
6.8013
6.948899
6.852942
6.957175
6.60166
6.548515
6.784922
6.805288
10.720997
6.575801
6.878835
11.023518
6.515685
6.546559
6.801563
6.580677
6.546354
6.53301
6.588144
6.753213
10.519666
6.519632
6.959141
6.723099
7.082367
6.90998
6.747448
6.709465
6.909542
10.460257
6.584033
6.840021
6.808334
6.554485
6.568362
7.005089
6.830131
6.772075
6.81345
6.932159
6.582593
6.550956
6.790544
6.952502
6.941328
6.571781
6.957926
6.918437
6.820249
6.604645
6.595582
11.551962
6.996316
6.552655
6.740207
6.600532
6.797037
6.566098
6.580098
6.98506
6.755941
6.566968
6.785155
6.518665
6.604886
6.605641
6.567246
6.604255
6.926277
6.593672
6.933936
9.566545
6.539236
6.604239
6.883612
12.72541
10.441141
6.765089
6.512186
11.336203
10.674822
6.53983
6.856191
6.792738
6.524308
6.579819
6.556613
6.643595
6.972456
6.654038
12.354978
6.608056
6.587648
6.884172
6.64719
6.541255
6.972412
6.8826
6.553896
6.863946
6.953229
6.586258
6.551524
7.046134
6.565051
6.789431
6.59488
6.586891
6.607612
7.053796
6.586804
6.528756
12.642735
10.357964
6.980276
6.898637
6.619306
6.785356
6.558365
6.541695
6.699697
6.650398
6.58411
6.541807
6.885503
6.610222
11.036261
6.60502
6.639559
6.818005
6.537614
6.928227
10.053439
6.970561
6.605038
6.93375
6.962884
6.867569
6.565245
6.612652
6.989269
10.195216
6.552819
6.950276
6.720359
6.969709
6.545132
6.885147
6.983539
6.529699
6.550003
6.908399
6.702666
6.949435
6.850945
6.53145
6.769831
6.821304
6.555781
6.826584
6.846125
6.773843
6.59102
6.766043
6.981712
6.900335
6.559745
6.73213
11.995858
6.58267
6.550359
6.84924
6.577997
6.913462
6.535563
6.577133
6.842411
11.617954
6.54264
6.60991
6.756046
6.539089
6.551592
6.841792
12.119423
6.52064
6.562924
6.515834
12.079148
6.850115
6.528063
6.960868
11.298124
6.627894
6.532173
6.941899
12.056523
6.856901
6.730463
6.937286
6.557632
6.956274
9.860815
6.542134
6.553312
6.549043
6.595672
6.894282
6.605996
6.703307
6.783303
6.599363
6.573821
6.520055
6.924285
6.768766
6.555497
6.711529
7.017666
7.016524
6.58079
6.922763
6.903608
6.57101
6.817991
6.886388
6.568213
6.576558
6.642957
6.617052
6.981393
6.818164
6.60538
7.004902
6.938378
6.769824
6.894616
6.778499
6.853751
6.536192
6.578643
11.764299
11.458818
6.59651
6.562671
6.559284
6.58514
6.897823
6.610344
6.555467
10.859576
6.836337
6.596229
6.907008
6.857119
6.55398
6.78366
6.57833
9.413017
6.83479
6.885414
6.818555
6.56661
6.572719
6.620456
7.015403
6.595024
6.888359
6.620882
10.653442
12.549994
6.519846
6.616039
6.885571
6.960141
6.606518
6.583176
6.530892
6.831826
6.512746
6.611478
6.591914
9.430037
6.842741
6.575939
6.740539
10.88079
6.853051
6.582186
6.611626
6.5489
6.931459
10.938689
6.99614
6.73038
6.607323
6.569219
6.62236
6.820236
6.9069
6.53951
6.769928
6.838983
6.539991
6.56213
6.546787
6.498207
6.584703
10.859904
6.778232
6.507947
6.516862
7.009094
6.91424
6.53493
6.785737
6.549559
9.280116
6.546658
6.853536
6.820668
6.531021
6.57089
6.788035
6.794775
6.527238
6.550537
10.400216
11.775071
6.642062
6.542016
6.594068
6.886922
6.553961
6.771678
6.756894
6.836555
6.95181
6.589204
6.936639
6.960628
6.779781
6.577465
6.526056
12.600536
6.839472
6.653388
8.174899
6.577402
6.632104
6.597726
6.856177
11.505549
6.829724
6.568019
6.600864
6.800192
7.012737
6.603021
6.802239
11.080698
6.558163
6.609703
11.514122
11.31144
6.795532
6.569729
6.562087
10.294368
6.995693
6.602642
6.98509
6.555094
6.569807
6.561194
6.632513
6.508561
6.880365
6.906535
6.87429
6.768053
6.555985
6.566289
6.960545
6.636662
10.448441
6.559904
6.891319
10.311783
6.545161
6.530376
6.87471
6.950205
6.54691
6.893608
6.989883
6.93146
6.872149
6.845704
6.589126
6.770572
6.70348
6.594858
6.865971
6.93926
6.555222
6.583931
6.833504
6.555976
7.039088
6.802153
6.600137
6.540672
6.72685
6.822016
6.61363
6.907322
7.025133
10.580167
6.878581
6.583096
6.844467
6.578431
6.925321
6.552404
6.556536
10.981799
6.934478
6.550505
6.903575
10.027333
6.757119
7.046018
6.606626
10.689137
6.582428
6.881742
6.573692
6.541131
6.763981
6.560294
6.740422
9.453976
7.054469
6.52289
6.545192
11.056628
6.601916
6.601879
10.806396
6.808093
6.930007
6.605281
6.511547
6.893823
6.817013
6.869215
6.55494
10.960558
6.608556
6.625416
6.575799
6.533174
6.529042
6.619448
6.916589
6.591413
10.555132
6.574666
6.776519
6.971929
6.520743
6.489122
6.561278
6.8986
6.945265
6.583642
6.767153
6.928032
6.964212
6.575777
6.743867
8.635142
6.589219
6.603883
6.679003
6.964301
9.070423
7.134236
6.576582
6.746263
6.959888
6.898216
6.773241
6.928093
6.759626
6.801702
6.859449
6.574671
7.040914
6.817211
6.827778
11.629251
6.863575
6.591758
6.546453
11.339127
6.760747
6.570923
6.547619
6.539963
6.611966
6.721269
7.078897
11.183763
6.939211
6.862512
6.789216
6.597609
6.733606
10.049164
6.746969
6.562635
6.56152
11.738798
6.922113
6.5904
6.936603
11.275847
6.503777
6.538711
6.753641
9.392065
6.814708
6.7993
6.639938
9.196767
6.549138
6.587092
6.556284
6.576091
6.569622
6.559988
6.747647
6.595563
6.681081
6.562312
6.537222
10.101894
6.669401
6.673312
6.839925
6.902887
7.074766
6.89739
6.72867
6.775149
6.523447
6.548431
6.924592
6.596157
6.766762
6.581851
6.723779
10.920258
11.844879
6.552313
6.894732
6.791135
6.565397
6.516249
6.901512
6.747718
6.895495
6.548557
6.950952
6.898627
6.550438
6.573251
6.841849
6.539227
6.735407
6.546401
10.889349
9.857144
6.908307
6.59356
6.846331
6.972601
6.775317
6.57574
6.529708
6.88905
6.553915
6.623759
6.573971
6.875005
6.574152
6.579323
6.870589
6.590956
9.839314
6.569863
6.714698
10.592971
6.688925
6.564857
6.905036
6.624605
6.593151
6.895217
6.55937
6.575869
6.851921
12.131645
6.544471
6.549265
6.61395
10.615703
6.541896
6.573932
7.057118
10.292867
11.588972
6.538413
6.865316
6.865651
6.584598
6.593767
10.165845
6.869493
9.869038
6.760698
6.790882
6.614215
6.789765
6.53697
6.954293
12.42488
6.599076
6.612357
6.563798
6.844652
6.924159
6.601181
6.837158
6.782474
6.555881
6.761067
7.037476
6.912597
6.592436
6.885727
6.978646
6.941269
6.551424
6.5516
6.535797
12.861002
6.855417
6.817961
6.6215
12.374233
6.892546
6.524641
11.20018
6.904764
6.592762
6.579932
6.945479
6.564915
6.60978
6.770418
6.860402
10.176499
6.567068
6.57185
6.562166
6.600231
6.844549
9.712021
6.9057
10.982572
12.598374
6.566659
6.656704
11.323899
6.72399
6.53102
6.895752
6.566292
6.559878
6.550991
6.586445
9.915653
6.969217
6.575938
6.553293
6.624733
6.851726
6.539824
6.569134
6.589496
10.434871
6.573169
6.858164
6.788219
6.528011
6.564054
6.943359
6.857415
6.607592
6.59506
6.960856
6.584934
6.751486
6.622664
6.933073
6.577081
6.558372
6.569718
6.901092
6.523286
6.610479
6.591504
6.804207
6.767601
6.53421
6.75658
6.922722
6.589149
6.631607
6.874191
6.503438
6.507002
10.350235
6.686203
6.537915
6.598069
6.595451
9.980858
10.644688
6.573727
6.988341
6.783208
6.523606
6.52447
6.823566
6.750693
6.953841
6.908791
6.952007
6.833089
6.557576
6.570489
6.880045
6.891993
6.670917
9.971504
6.867272
10.983789
6.909669
6.588747
7.160416
10.516104
6.896081
6.531118
6.815886
6.894289
6.571079
6.585128
6.581583
6.981133
6.837754
6.590953
6.588198
11.896232
6.761524
6.610325
6.59839
10.755804
6.576624
6.566095
6.891118
6.563591
6.940215
6.742817
6.537238
6.587342
6.804888
6.524039
6.852004
9.409145
6.593944
6.613132
6.571139
6.642401
6.541544
6.580862
6.930655
9.642257
10.648598
6.927704
6.976144
6.583493
6.529038
6.552868
6.571057
6.785345
10.213333
7.042278
7.000724
6.811814
6.888731
6.604025
6.906127
6.569996
7.091793
6.792945
6.982953
6.568661
6.599593
6.857418
6.614483
6.902545
6.799003
6.99872
6.527834
6.586136
6.965556
6.80694
6.882264
6.56404
6.601254
9.668241
6.64929
6.818797
6.954163
10.060291
6.573521
6.555939
6.93609
6.808071
6.534889
6.560516
6.903932
6.882974
10.035155
6.949176
6.890244
10.17557
6.971702
6.632854
6.560881
11.75492
6.545654
10.959983
6.533774
6.66952
6.902413
6.545388
6.54926
9.076286
6.901704
6.60969
11.948996
6.699042
6.92441
6.544446
9.645596
11.510861
7.028635
6.631396
6.520066
6.557385
6.760533
6.605525
6.688733
6.575516
6.716786
6.617807
6.565985
6.88309
6.5337
6.600888
6.75401
6.74274
6.828336
6.502694
6.899456
6.755023
6.535622
6.688202
6.596123
6.61559
6.571282
6.595344
6.747556
7.041634
7.064708
6.582487
6.882016
6.750792
7.006776
6.518115
6.698262
6.735387
11.839789
6.55291
6.599877
6.763866
6.58752
6.557084
6.929146
12.084794
6.85517
6.751953
6.899769
10.677504
6.867955
6.926224
6.729252
6.622786
6.531616
6.908275
6.957005
6.536949
6.998701
6.852794
6.924572
6.614329
6.7563
6.990174
6.890543
6.62968
6.903905
12.068153
6.53439
6.581023
13.034721
10.732253
6.843047
6.559169
6.563832
6.898021
6.554718
6.599718
6.98755
6.906615
6.61108
6.634622
6.767043
6.560214
6.868466
6.594086
6.741334
6.565558
6.555883
6.613496
6.838882
6.583504
11.094649
6.543713
6.805047
12.191477
6.573132
6.534856
7.035958
6.770176
6.546946
9.809931
6.801663
10.616698
6.606898
6.555473
6.540273
9.837915
6.844902
6.551519
6.531472
12.474706
6.804975
6.872955
6.758088
6.866334
6.55904
6.618577
10.331415
6.94217
6.978799
6.716367
12.261734
6.844719
6.695959
6.588846
6.547978
6.614973
6.854976
6.538606
6.895835
6.980207
6.583466
6.563014
6.613942
6.92912
6.78179
6.87197
6.523983
6.980679
6.871461
6.556644
6.572454
7.005482
6.890289
6.563813
6.856338
6.555115
6.574479
6.573871
6.945079
6.66494
6.543419
7.048274
6.5632
6.585751
9.97037
10.349251
6.931462
6.793626
6.545796
10.259454
6.608705
6.544802
6.524855
10.662754
6.576613
6.565681
6.551128
6.580322
6.541226
6.569326
6.818406
6.545271
12.225261
6.568088
7.02631
6.874661
6.936963
6.563818
6.588938
6.568709
6.606283
6.588251
6.821073
11.045021
6.536613
6.571702
6.543155
6.98116
6.600188
6.545248
6.913541
6.914661
10.432182
6.560096
6.57491
6.835937
6.747965
6.865468
6.974844
6.93965
6.83291
6.557182
6.565385
6.737722
6.533706
8.324145
7.000672
6.878438
9.359079
7.030523
6.819064
6.815891
6.798005
7.029423
10.416491
6.874901
6.931055
6.547437
6.529971
6.578214
6.552444
6.617501
6.547378
10.545977
6.54961
6.590924
6.576523
6.901927
6.793254
6.560829
6.559901
6.681304
6.589704
6.696903
6.861553
6.632104
6.830568
6.536323
6.889242
6.539011
6.610252
6.542962
6.931574
10.64468
6.694593
6.580004
6.616176
11.705809
6.529746
6.600147
6.956501
7.093661
6.853914
6.90514
6.934293
6.594579
7.019759
10.450201
6.606027
6.574689
6.834841
6.604039
6.820149
6.625406
6.528505
6.564887
6.602199
6.523549
6.605226
9.889566
6.586898
6.547411
6.601323
6.696717
6.554052
6.928462
6.572302
6.81389
6.79948
6.577909
6.891214
10.227195
6.530681
6.577547
6.841896
9.688079
6.952884
6.740864
6.908765
6.58749
6.786136
6.552933
11.339138
6.79034
6.556116
6.556102
6.586018
6.900721
6.909647
6.572684
6.932969
6.849075
10.022778
6.576818
6.56472
6.814276
6.619266
6.94371
6.800369
6.757879
7.008798
6.932109
6.616223
6.740011
6.978856
6.633527
6.898871
6.902779
6.547215
6.606794
6.903738
6.588318
6.759053
6.583237
6.635471
6.598111
6.844821
6.603819
6.554183
6.945836
7.063809
6.559905
6.827813
6.931089
6.750349
6.564198
6.790805
10.704117
9.428247
6.54734
6.548302
9.06911
6.614003
11.430531
6.608342
6.580543
6.769814
6.541988
6.849475
12.194419
6.940038
6.53664
6.867525
6.778004
6.897691
6.554026
6.919689
6.575342
13.099502
10.615308
6.572396
6.570756
6.863789
6.797552
6.941091
6.612586
6.583367
7.009635
6.803942
6.665397
6.599901
6.861041
6.655107
6.591476
6.692017
6.944458
6.578315
6.559162
6.871359
6.627281
6.595781
10.947913
6.93546
6.831734
6.61398
6.535423
6.569426
6.733972
6.900415
7.085136
6.753844
6.860331
6.591407
6.531838
6.537965
6.636625
11.532388
6.569184
6.905325
11.346766
7.035278
6.601324
11.724385
10.535779
6.745075
6.567594
6.576146
6.771006
6.905172
6.736786
6.858747
6.562768
6.562289
6.548863
6.876945
6.596727
6.535442
6.552764
6.805341
12.181065
6.5517
6.614413
7.035358
6.57256
6.927502
6.568029
6.766955
6.927451
6.554098
6.608398
6.613435
6.836348
10.295498
6.531163
6.838014
6.572811
6.615448
6.650759
6.562433
11.993021
6.844474
6.578181
6.795372
6.753792
6.741392
6.563723
6.588924
6.752925
6.877652
6.550029
6.948325
6.781133
6.86325
7.04689
6.930064
6.839528
6.596996
6.584484
7.049781
6.735953
6.698626
11.527807
6.59325
6.729274
6.586127
6.78446
6.88649
6.837007
6.893062
6.911686
6.736368
6.520138
6.935289
6.928364
6.579119
6.614586
6.592087
6.894813
6.816356
6.56768
6.610322
12.067774
6.769645
6.543993
6.591003
6.755044
6.766001
6.611669
6.975861
6.943102
6.735144
6.53838
6.719771
6.551561
6.609388
6.589194
6.937152
9.846181
6.620041
6.582424
6.556918
6.587959
6.567322
6.626806
6.876603
10.277139
12.462583
6.789459
6.563056
6.706613
9.482124
6.54547
6.966709
6.555209
6.561663
6.609526
6.605148
10.96241
6.810402
10.23837
6.585701
11.387643
6.625384
6.782559
6.60171
6.571411
6.964389
6.894082
6.631183
7.071627
6.946208
6.584323
6.910124
6.931756
6.548986
6.551331
6.566474
9.485165
7.031589
6.530159
6.864113
11.510107
6.898264
6.879178
6.546598
6.894234
6.865888
7.111471
6.756861
6.735418
6.573032
6.590657
6.685284
6.524413
6.95883
6.582919
6.752326
6.751458
6.8629
6.603243
6.7194
6.729413
6.597924
6.845744
6.564822
6.750968
6.539812
6.803549
6.593442
6.526248
6.559903
12.480702
6.573077
6.542297
11.768237
10.547369
6.956689
6.571547
6.603761
6.542588
6.724323
6.587594
6.835955
6.556068
6.801841
6.550955
6.856376
8.591571
6.784459
6.607301
6.859498
6.569877
6.536699
6.609437
6.583358
12.185127
6.526319
6.566223
6.583095
6.571294
6.556566
6.575119
6.773201
6.779086
6.7793
6.649285
6.836288
6.979968
6.767019
6.514467
6.931768
12.044512
10.23081
6.614067
6.960238
6.612012
6.886805
6.630334
6.803111
6.818142
6.743047
6.568981
6.697545
6.786306
6.602593
6.925564
6.797103
6.975898
6.863377
6.769089
6.592666
6.781138
6.608567
6.817087
6.631605
10.113583
6.5543
6.621235
11.693925
6.893362
6.593098
6.540916
7.093766
6.525572
6.955514
6.53421
7.050228
6.94523
6.801979
6.526524
6.669856
6.603917
6.572302
6.539071
6.622252
11.661773
6.511134
6.637389
6.928006
11.29849
6.53619
6.624528
6.72652
6.544694
6.963462
6.86299
6.62899
6.60858
6.840333
7.020905
6.768316
6.66644
11.171911
12.268594
11.05615
6.566395
6.853978
6.62801
6.601828
6.605091
6.851287
10.139068
6.542085
6.961965
6.558505
9.503296
6.948658
6.547104
6.935154
6.580282
9.24503
6.561095
6.972987
10.434092
6.770345
6.595595
6.974134
6.594453
6.630924
6.919445
6.836764
6.561745
6.825238
6.794852
6.584064
6.805888
6.584331
6.57635
6.933458
6.864539
6.562478
7.01052
6.754797
10.621364
6.542736
6.54751
6.863884
6.556669
6.535269
6.617111
6.649947
6.914741
7.069232
6.929745
6.9573
6.854089
6.555838
6.549615
6.580198
6.740197
6.691559
10.966181
6.764007
6.937331
6.812502
6.575386
6.955138
10.473018
6.826799
6.508747
6.550071
7.027464
6.545317
6.554068
10.102116
6.824893
6.549718
6.606686
