8.82095
6.310543
6.324224
8.67643
9.298177
6.278206
6.302969
6.300797
9.79958
6.31439
9.317245
6.262788
6.290015
6.398963
6.271014
6.269621
6.287642
6.425136
6.275562
8.682594
6.324623
6.288147
6.354814
6.391557
9.956801
6.299766
6.326056
6.298804
6.293488
9.109606
6.330519
6.407004
6.306485
7.42542
6.393848
9.57209
6.286917
6.409135
8.677939
6.386448
6.312835
6.301769
10.024803
10.004236
6.310305
8.952051
9.568287
6.291174
6.441538
6.220749
6.292305
6.297985
9.066039
6.261062
6.309853
6.290107
6.309702
6.288626
9.661041
6.313394
6.297896
9.468908
6.349947
6.30878
6.288165
6.290324
8.025769
6.273105
6.406251
6.242361
9.076207
6.292502
6.2969
8.455142
9.78096
6.429957
6.414652
9.215563
8.593949
8.27382
6.311729
9.376467
6.306742
6.298631
6.291449
6.427664
6.309131
6.407741
6.356644
9.477548
6.306643
6.292087
6.295735
9.575715
6.305749
6.40142
6.315419
9.449382
10.393486
6.390577
6.292978
8.847765
6.290177
6.321554
6.298911
6.27345
7.544954
6.31949
9.402493
8.163822
9.815914
6.276
7.378078
6.397607
8.78103
6.279596
6.300331
6.330702
6.337042
6.301772
6.278513
6.279011
6.294457
6.286824
6.303281
6.321673
9.406083
6.46079
6.332063
6.427948
6.295696
9.146592
6.302473
6.265338
6.274716
9.006031
9.336358
6.272692
6.267736
9.216442
6.281212
6.386636
6.30385
6.268516
9.49097
6.285217
6.269655
6.376521
6.244979
6.247392
6.295212
8.319925
9.777744
9.694326
6.279768
8.619871
10.72736
6.417785
6.282021
9.266022
9.45761
6.279503
6.307123
8.889829
6.411573
6.293443
8.476595
9.750872
6.255927
6.396261
6.276715
9.804724
6.279443
6.247773
6.298839
9.460855
8.423642
6.285565
6.267465
6.381706
10.168989
6.3838
6.324784
9.243536
9.45574
6.286111
6.31482
8.809464
10.132206
6.28538
6.278418
6.268078
6.382366
6.462807
6.286246
9.462066
6.292973
6.293735
6.385484
6.382894
6.297848
6.302329
6.375908
6.319658
9.847397
6.274982
6.263259
9.07427
6.282778
6.382126
6.263565
8.459471
10.590516
10.284049
6.438648
6.28505
8.456152
6.361769
6.395791
9.551567
9.451736
9.247248
6.29764
9.659163
6.348698
6.253176
8.439358
6.295577
10.365268
6.329749
6.376215
6.358798
6.410018
8.378874
9.116649
6.297736
6.340848
8.551785
6.270809
6.309816
6.279688
6.39702
6.268905
6.266572
6.314011
9.803594
6.280294
8.481661
6.282264
10.083803
9.561549
6.267512
6.313689
9.359825
6.262018
9.180479
6.283715
8.579747
6.260489
6.379278
6.373445
9.550452
6.28699
9.50029
10.488634
6.420085
6.374142
8.895662
6.279051
8.837367
6.274611
6.391547
9.164568
9.88916
6.280203
6.300705
6.283396
6.278481
6.292618
6.275634
9.519971
6.284614
6.309112
6.278313
9.61893
9.856245
6.282697
6.332785
10.040278
6.295408
6.290379
6.284904
10.040155
8.815029
9.090024
6.292919
6.352694
8.826418
6.290578
8.190038
9.733821
9.878283
6.410661
6.290692
9.142535
11.021534
6.355635
6.29744
8.531889
6.339806
6.285412
6.2507
6.278183
6.28467
6.269996
6.303273
10.029475
9.503622
6.288529
6.290259
6.276311
10.28622
6.274827
8.015265
9.946681
9.44079
6.308441
6.406969
8.941795
6.274554
6.290446
6.253082
6.287646
9.654769
8.168803
6.287585
6.280175
6.261231
6.250509
6.293256
9.230805
9.142809
6.386681
6.405633
9.53957
9.392198
6.285924
6.409808
8.117121
6.280685
9.324397
6.276084
10.014343
6.314914
9.752646
8.834553
7.932257
6.256578
6.280146
6.41657
6.308115
6.289842
6.303186
8.260398
6.283838
9.544152
9.091378
6.246031
6.2988
6.301825
8.450611
6.281162
6.423929
6.287847
9.419871
6.282245
6.2947
6.319791
8.879158
8.492696
6.29685
8.266202
10.559462
10.12584
6.301199
6.262364
6.328917
10.355051
9.168814
6.318524
10.170136
6.324215
6.464482
6.303194
6.27842
9.206835
6.304199
6.291977
6.377013
6.253252
6.270607
8.186918
9.821238
6.2713
6.246278
6.269326
6.293411
9.798222
6.270822
6.305523
8.521502
10.139516
8.678009
6.287977
6.249395
8.509249
6.310699
6.394682
6.25902
6.249216
6.297376
6.290122
6.266141
6.270348
6.384115
6.350633
10.351262
6.395818
6.297369
9.452631
6.405126
6.283252
6.249468
6.392669
9.128264
6.268751
6.265023
6.305818
9.480586
8.543567
6.267274
6.264149
6.397318
6.291551
6.389743
6.252732
8.488521
10.77048
6.404735
9.902371
9.005199
10.576803
8.594769
8.454688
6.264508
6.356776
9.477998
6.302121
6.302997
9.515818
14.210263
9.680729
6.29568
6.382636
9.612491
8.759509
6.270583
6.297385
6.412477
6.275356
6.28104
6.283915
6.290349
8.763874
6.294871
6.443701
9.037241
6.398251
6.27667
6.270781
6.299597
9.618363
6.425132
6.275863
9.036951
6.389418
6.283985
6.448343
9.064645
6.328431
10.44365
6.380733
6.274322
8.957803
6.274003
6.366554
9.654179
8.714567
6.371027
6.379716
9.322419
6.275175
6.285563
6.269999
6.366591
6.296628
6.293158
8.3245
10.634625
9.461284
6.277749
9.397084
6.285251
8.207086
6.278563
6.305801
6.273037
6.288776
6.348721
6.259639
6.311804
9.461885
6.380731
6.297688
10.599499
10.196491
6.294597
6.287871
9.442807
9.530924
6.297971
6.395125
6.413818
9.250205
6.278869
6.315564
6.287182
6.265098
6.28933
6.279164
6.254498
9.860071
6.268831
6.264304
8.990976
6.285268
6.291036
6.309094
8.34631
6.293446
8.802731
6.304198
10.045846
6.288878
9.107971
6.288723
6.408383
6.331899
6.267172
6.276018
6.267927
6.286216
6.31228
9.420511
6.394322
6.269925
6.299508
6.393001
6.379861
6.373949
8.348851
9.51397
6.302416
6.284791
9.851919
9.298329
6.305627
6.280023
9.104999
6.309371
6.275807
6.380739
8.918848
9.756849
6.302325
6.265284
6.292751
10.283741
6.341661
6.301398
6.369142
7.308191
8.57661
6.301604
6.27692
9.943021
6.288919
6.363516
9.133064
9.862347
6.28526
6.411762
9.140011
9.410934
6.323432
10.813808
9.805618
9.204886
6.316893
6.271662
6.278086
6.28921
6.300477
6.288879
9.171932
6.305637
6.281019
6.276997
6.28323
9.43237
6.321066
6.277255
9.126339
9.323314
6.302358
6.316502
6.313822
9.508036
6.397279
6.300226
6.254414
6.311653
6.41385
6.277757
9.217563
8.893825
6.309641
6.269153
7.953249
6.27258
6.308861
7.685118
6.424566
6.305599
6.276801
6.265054
6.278736
6.293008
6.276362
6.311885
6.401077
9.513526
6.289962
6.312103
6.29153
9.151793
6.389701
8.907343
6.283916
6.400281
8.965868
10.605568
6.281144
6.43826
6.370891
10.073521
6.276719
6.332607
6.262592
9.012454
6.263554
6.278932
6.254788
6.260406
6.310413
6.283429
6.260904
9.266316
6.395288
9.904058
10.353603
8.794995
6.290527
6.275751
10.295992
8.976226
6.266535
6.254808
9.738959
6.275685
6.276151
6.297206
8.60877
6.278671
6.299486
6.375814
6.390618
10.284413
6.285974
6.275447
10.042183
6.296565
6.287921
6.241029
6.282857
6.251084
8.795734
6.393302
6.308534
6.255552
6.286732
6.297559
9.568356
8.52118
6.309129
9.770496
8.217628
6.310762
6.388337
6.317408
9.432327
6.279707
6.297656
9.431372
6.298192
6.298073
6.405472
6.292144
6.285882
9.678653
6.303621
6.384484
6.414986
6.269741
6.29961
6.325267
9.62293
10.519362
9.146944
6.308146
6.357026
10.409247
9.643093
6.369868
9.136378
9.800142
6.317053
6.385002
6.411264
6.420729
6.312635
7.282957
9.155027
6.298394
6.308199
6.305705
9.295422
6.385809
6.291069
8.635559
6.278837
9.899966
10.58198
6.464922
6.297455
6.298917
6.269157
6.388872
9.672993
6.288633
9.341348
6.289517
6.30898
6.351821
6.285055
7.765377
10.183326
6.428595
8.928801
8.436305
6.29986
6.379384
8.53889
9.190532
6.401395
6.286773
6.288631
6.283379
6.268465
6.278549
9.089183
10.204395
6.270819
6.328059
6.303012
8.864035
6.308114
6.39302
6.304667
9.643677
6.302882
6.300803
8.748841
6.271397
6.267182
6.297942
6.31921
6.296284
6.250965
6.305301
9.433168
9.769971
9.752852
6.263854
6.265869
6.397603
6.29048
6.322286
9.408846
9.888712
6.295484
6.2634
9.82201
6.276282
6.303989
6.242262
6.320023
8.566102
6.385396
6.323534
6.314231
6.272201
6.28654
6.39733
8.876003
6.279687
6.26505
6.301534
9.156765
6.320404
10.439753
6.253323
6.296306
6.273473
6.282633
6.270976
6.297664
10.262848
6.306975
6.38375
10.543606
9.495265
6.298233
9.03189
6.30923
9.577209
6.285118
8.925312
6.274662
9.904997
6.387455
8.601175
6.262203
9.188333
6.266896
6.29562
6.152923
6.264008
6.298836
10.337233
6.340058
6.251453
10.323348
9.140646
6.301216
6.281487
9.354843
6.419672
6.293952
6.278416
6.417708
8.558619
6.27397
6.327143
6.385562
10.285184
6.282774
6.301466
9.932733
6.303241
6.285952
6.285831
6.293577
6.27131
6.310284
6.265729
8.42971
9.136617
10.560185
6.272571
6.297676
6.274629
6.349352
6.423742
9.347523
8.546399
9.253921
6.386925
9.372416
9.010196
6.288587
6.292477
8.038197
6.303065
6.382547
6.24848
6.406168
9.358321
9.045404
6.287379
6.266878
9.310662
6.264145
6.305649
6.288365
6.30165
6.324546
6.281089
9.794285
8.995487
6.41892
8.497566
6.293984
9.019856
6.26829
9.57287
8.394719
8.389077
6.2749
6.288445
8.091389
6.283877
6.277691
6.423146
6.275223
9.289845
6.296792
6.288686
6.305525
6.379801
6.321424
6.316038
6.245178
9.459293
6.313271
6.317408
9.586099
9.604009
6.237141
6.29131
8.46305
6.390069
6.284881
6.34944
6.317353
9.764314
9.608603
8.331052
6.383634
6.275326
6.310872
6.301973
6.393172
6.286653
6.311928
8.683679
6.283327
6.387281
6.35589
6.263249
6.401123
6.253294
9.984913
6.282148
6.30925
6.307379
9.45687
6.328924
9.713445
6.318524
6.274959
6.292234
6.301274
6.37971
6.382563
9.530355
6.276108
6.267136
6.254244
10.255383
6.406815
6.334119
9.557916
9.174499
6.263384
6.379058
6.296213
6.308646
6.2799
6.296472
9.682346
9.253451
6.245526
8.969995
8.007178
6.282123
6.424138
6.293486
6.276629
9.083991
9.345776
6.271939
9.158165
6.276839
9.390615
6.290551
9.339852
6.413281
6.313992
6.383454
6.323282
6.370247
6.277397
9.289839
6.304678
6.429122
6.400276
6.402271
6.320467
8.662557
6.282178
6.268853
6.288474
6.280731
6.267831
6.34692
9.633327
6.279585
6.277399
8.287252
7.624992
6.280349
6.241343
6.285758
9.913883
9.196789
6.312543
6.405635
9.485444
6.308383
6.277716
6.416071
6.310921
11.259168
6.273112
6.266589
10.631276
6.273759
10.305267
6.379011
6.336267
6.262283
8.139286
9.960861
6.320026
6.276791
8.249002
10.022832
6.271262
6.365289
6.272242
6.291589
6.29672
8.605469
9.211367
9.846305
6.277759
8.927166
6.401747
10.024224
6.312329
6.261672
6.28464
10.196225
6.301024
6.418027
9.832458
6.28689
6.283257
6.387188
8.848573
9.339784
8.466781
6.305569
10.318728
9.223972
6.378985
6.288742
6.309595
9.921304
6.291997
6.27221
6.400216
6.303403
6.268505
6.30807
6.340158
9.504677
6.297037
6.263005
9.839264
6.303438
6.412594
6.253001
6.391496
6.29792
6.312931
9.193522
9.705214
6.425918
6.320481
6.41845
6.283471
8.689676
10.060936
6.291843
8.251132
7.420562
6.356721
6.289996
9.101598
8.695205
6.257092
6.268186
9.375467
9.523387
6.272204
9.09769
6.395497
6.433115
6.25694
6.281441
9.503053
6.290162
6.280484
6.247119
9.171732
6.288895
6.314547
6.26851
6.279265
9.476203
9.070947
6.287371
7.802377
10.055156
6.310938
6.398388
6.278385
6.279305
8.159461
6.403299
8.732189
6.299905
6.412205
9.787766
8.92146
6.286731
9.32463
8.914128
6.273442
8.998056
9.273367
10.096451
6.282466
6.294939
6.284876
6.27451
6.376809
6.284557
9.837976
6.295788
6.250118
6.274872
6.291031
10.020149
6.386774
6.288152
9.575713
6.276719
6.306434
6.320787
6.403276
10.222378
6.29657
8.291262
6.29389
6.284565
6.259364
6.299661
8.941757
8.929204
6.282778
6.462659
9.28166
6.447735
6.292834
9.754011
6.297073
6.303704
6.2784
6.391543
6.309573
6.263815
6.324824
6.305642
9.426043
6.313509
6.399678
6.309118
8.918681
9.650535
9.823803
6.312158
6.286842
8.821019
6.3999
6.311458
9.240137
10.628161
6.416117
6.31258
9.010836
9.740212
9.465386
6.324567
7.914633
6.374622
6.298122
9.342891
8.637887
9.554383
6.261467
6.271019
6.289269
9.036326
6.396209
6.395269
9.890361
6.35811
6.253582
6.411303
6.418589
8.392754
6.342089
6.399803
6.404756
9.534501
6.26812
6.28172
6.286388
6.395055
6.295448
6.30302
6.324365
6.301343
9.751249
9.497762
6.311453
6.42004
6.276561
8.716077
6.29516
9.24069
8.871502
6.263044
6.288953
6.407582
6.281931
7.713748
6.414307
6.282036
6.286669
9.297714
6.318403
6.391292
6.400616
6.28178
6.269235
6.291663
8.394441
10.295836
6.281712
6.305902
8.667117
9.833909
6.75868
6.727449
11.487245
6.704068
11.898927
6.767727
6.722509
11.207701
6.744144
6.725345
10.088473
11.069538
6.775264
6.762665
6.742664
11.366253
6.7683
6.754187
6.73506
6.759129
6.779329
6.595241
10.763494
9.106496
6.735212
6.732217
10.758105
6.686636
6.747539
6.741484
10.387819
10.711018
12.781917
6.75639
6.753207
11.36802
6.714404
10.919937
6.721774
10.613775
6.752733
6.76502
6.789912
6.722463
6.638731
10.781672
6.72208
11.536075
11.072974
6.769271
6.746898
11.626694
6.753498
6.755421
12.4292
12.157749
6.746408
6.75323
6.727608
6.638402
6.64274
6.776403
11.085948
6.710622
6.701127
6.607149
12.550727
6.607132
6.600143
12.054951
6.628076
6.597781
6.744736
6.775689
6.532386
6.594187
6.756944
6.75665
6.584767
6.650451
11.637077
6.588313
6.744722
6.73264
6.757941
10.45699
6.662369
6.759543
11.58939
6.612474
6.673945
6.773691
10.546283
12.142007
6.777896
6.739944
6.593412
6.755964
6.774307
6.738786
9.622988
11.926634
6.793559
10.30268
11.526065
11.848362
6.734155
6.658628
6.580515
11.942365
6.816839
6.777857
6.600578
12.173066
6.772014
6.611833
6.763493
6.723879
6.745225
6.592752
6.739027
12.239929
6.764189
6.610195
10.743218
10.676237
12.419772
6.735976
10.965809
9.782852
6.714495
6.75609
9.661634
6.604374
10.189865
6.773747
10.544931
12.024194
11.093316
6.731552
6.771038
6.731516
6.7407
6.737323
6.736492
11.604174
6.727841
6.774844
11.303979
13.087752
6.726487
6.739477
11.51797
6.762708
6.768357
11.612938
11.423418
6.740682
6.767597
6.738132
10.908642
12.222864
6.721129
11.702125
11.840635
10.853258
6.644565
6.741172
6.601929
11.006069
6.727427
10.935865
6.694202
6.739191
6.748142
6.632065
6.733472
6.595521
11.253141
12.060902
6.73869
6.808504
11.452533
6.651902
6.783579
6.752556
6.602092
11.728827
10.710371
6.760926
6.774436
11.993118
6.632757
6.776971
6.757012
6.776231
6.818972
6.765084
11.48917
11.411232
6.61258
12.328946
12.0439
10.821027
10.066099
6.752095
11.683963
11.896312
6.748496
6.619445
11.317495
6.739368
6.751582
6.733775
6.714427
11.571419
6.738788
6.766792
6.742339
6.743066
6.76806
6.75042
6.743714
11.288537
6.758656
6.72688
11.255647
6.754459
6.742242
9.550431
6.732569
6.764911
6.803104
6.724141
12.425526
6.747681
6.773842
6.735436
12.140122
11.061942
6.635093
11.064697
11.781505
11.44293
6.746365
6.788665
10.816545
6.74689
6.605143
6.751218
6.779514
6.617143
11.749772
6.596437
11.577886
6.757149
6.76496
6.63844
10.815959
11.185328
6.71957
10.030845
6.758478
6.56316
6.773377
6.583427
10.936498
10.067633
6.72487
6.764652
11.491778
11.350469
11.903611
11.936273
6.752082
6.783454
6.725178
10.331041
6.743411
6.543107
10.171809
11.186718
6.766063
6.739601
11.76794
6.536044
6.75216
6.764011
6.707915
10.729248
11.253625
6.748146
10.065116
6.630062
10.243265
6.745125
10.938865
6.610732
6.749263
10.51188
6.760398
6.765057
6.604596
6.738087
6.787002
11.148491
6.600031
6.748318
9.699309
11.390014
6.756475
6.636037
6.740464
6.750657
6.705921
6.759628
10.595688
6.606279
6.758666
11.393384
11.575553
6.728978
6.750789
6.580664
6.764925
10.330576
6.571846
6.738742
10.045575
6.587586
10.883302
6.776915
11.780314
6.752871
6.602415
6.78367
6.64224
6.608557
6.765677
6.763829
12.107723
6.756488
6.664713
6.610602
11.236371
12.051673
6.801387
6.647857
11.499489
6.736898
10.944366
6.73894
6.566615
10.211307
6.632063
6.748558
10.580236
11.406155
6.643767
10.121431
6.778459
11.109655
6.733315
6.750477
10.817427
10.703659
6.754047
12.153422
11.784785
11.931192
6.668617
6.654651
6.752453
10.76421
10.454147
6.741997
6.727789
10.548008
6.710295
6.734259
6.717895
6.763394
6.730985
10.53929
6.568236
6.589476
6.744486
6.824233
6.702318
6.754045
11.003564
10.009972
11.656344
6.76774
10.919705
11.650107
6.580927
6.77688
11.612891
11.491343
6.597393
6.716929
6.751885
6.69137
6.730682
10.639775
10.623258
6.76339
6.620833
6.736006
11.152099
6.603105
6.710668
6.652625
11.856415
6.737357
6.739826
6.747324
6.587298
6.741383
6.613879
6.751958
6.745046
6.7527
6.612173
6.684713
10.849223
11.247243
11.163673
6.785692
6.740877
6.713862
6.599104
6.630675
12.533719
6.75468
6.640848
6.601723
6.74006
10.685904
6.761626
6.585432
10.422392
12.57331
6.594733
6.623697
6.761413
9.990738
6.760013
6.620798
6.754356
12.298173
6.742862
6.750993
6.597362
6.723878
6.729029
6.76636
6.724039
8.974898
6.757267
6.727251
11.565857
10.700843
6.726233
6.740574
13.045887
9.786124
6.698961
6.762285
10.534367
6.592969
6.576115
6.578772
10.317677
6.743883
6.580647
6.771207
6.756435
6.703986
6.788921
11.25952
6.623148
6.582121
6.735607
6.756618
6.585749
6.740127
10.06756
6.772807
6.773693
6.764589
11.657876
6.752792
6.767017
6.632714
10.531285
6.642214
6.599809
6.748593
11.879452
10.578258
6.755064
6.745674
11.4708
10.842086
6.589655
10.723997
6.615736
10.12359
6.757978
11.781172
6.775002
11.607937
6.66097
6.7621
10.922968
6.782595
6.763426
6.580491
6.740557
10.570234
6.750384
6.773413
6.756643
6.762725
6.729236
6.650439
6.727938
6.606931
6.562573
6.753338
11.415657
11.208852
6.737855
6.621884
11.494133
10.79689
6.731816
6.595873
10.953219
10.334746
6.791878
11.575981
10.319166
6.677088
6.593517
6.640992
6.605422
6.766065
12.073972
6.640017
11.621397
6.729232
6.751473
6.655351
6.709303
11.423764
6.741124
6.732685
6.688391
6.665593
6.612064
6.742688
6.780649
10.631202
6.734805
6.737279
6.769151
6.661311
6.773302
6.711725
10.656598
12.721691
6.761222
6.768408
6.733932
10.387852
6.784939
11.457172
6.749347
6.751671
10.583586
10.863389
6.757771
6.765604
6.566324
6.758463
6.73836
11.160268
10.605627
11.430452
6.765565
6.751627
6.750609
11.18184
6.747375
12.3949
6.756363
10.228955
6.748425
6.613146
10.389404
11.668348
6.723082
6.725994
11.408039
6.607019
6.632203
6.73096
10.478339
10.968599
6.745459
6.728212
6.744938
6.755059
6.77313
6.770201
11.792512
6.720444
6.774414
6.778538
6.733037
6.748397
6.771865
6.739899
9.959988
6.691293
6.727935
6.594279
6.784325
11.087556
6.742022
10.79099
6.750753
6.752425
6.767785
6.724037
6.74106
11.355731
9.774369
6.68874
12.182402
9.536826
6.770673
6.761008
11.377804
10.24078
6.735312
6.775127
11.003551
10.524075
6.754829
6.74783
6.659677
6.776806
6.759081
6.600085
6.743329
6.75715
6.758958
6.764613
11.183781
6.771445
6.732483
6.59341
6.889203
11.013461
6.670117
6.725834
10.742689
6.738751
10.148872
6.786724
12.720586
6.757164
11.468603
6.603745
8.936894
11.498286
6.561997
6.743769
6.671874
6.728469
6.744939
10.614371
11.161125
6.620199
10.588106
10.612939
6.724597
6.711168
6.761036
6.744521
11.175907
6.758977
10.544766
11.061612
6.727129
6.720896
10.275702
11.706097
6.735274
6.745941
10.800472
6.742937
6.636519
6.563923
6.751101
13.436658
6.742281
6.751815
6.611336
9.793623
6.763994
6.739126
10.293369
9.474862
6.755917
6.710464
10.32696
11.77328
6.708829
6.791032
11.103292
6.776747
6.605515
6.765512
6.772505
6.740256
6.762881
6.752208
11.202758
6.734358
6.770077
6.765957
11.873463
6.735198
6.757678
6.59928
11.497335
10.028096
6.775285
6.722749
12.149533
6.622911
6.731347
6.72818
6.752682
11.622372
6.761639
6.756568
6.75352
6.713495
6.731742
11.073551
11.089896
10.550231
6.782212
6.778143
6.606578
6.739548
6.744699
6.748527
6.76606
6.760833
6.566016
6.769751
6.739838
12.002787
6.744437
6.758844
6.594654
10.161538
6.655956
6.753096
6.763954
10.849484
10.56706
6.640278
6.737623
6.730898
6.766764
6.750026
6.699497
6.761907
6.746831
12.367978
6.751791
6.746935
10.047246
6.755375
6.769513
6.639484
6.761091
11.910739
6.73742
10.224523
6.780298
11.557395
6.767807
6.76721
6.757998
11.815213
6.64544
6.60625
6.641531
6.726643
6.628325
6.602083
11.197032
6.747228
6.755086
6.627293
10.638063
11.919287
10.773278
6.723146
11.245278
11.302782
6.740821
6.651283
12.562127
6.728071
10.935221
6.631667
10.248246
10.267047
6.732432
6.755601
11.084074
6.769833
6.746751
11.062012
6.783831
10.67545
6.730514
6.732751
10.430753
11.556203
6.737899
6.729988
6.57575
12.493572
6.792265
6.783999
6.754103
6.583398
6.756655
6.732572
6.751283
10.605218
6.764365
10.795086
6.570304
10.979354
6.770709
6.72169
10.714191
6.659641
6.58239
6.761939
6.749874
10.234466
10.875536
6.756138
6.770918
11.5201
6.77454
6.784028
6.741202
6.73837
6.731786
6.748614
11.484353
11.240399
6.623969
6.675018
10.751838
6.673114
6.789289
6.729375
6.760956
6.644782
10.276823
6.801335
10.905415
6.777561
6.766741
6.627005
6.602462
6.62899
6.556073
6.753078
6.778893
6.745546
6.639739
11.497169
6.593022
6.750714
9.103123
6.756681
6.764167
6.829571
11.100534
6.74702
6.577631
6.769372
6.596631
10.019948
6.753496
6.645505
11.074916
9.880749
6.569969
6.771923
9.831993
11.115455
6.791159
6.757901
6.757864
6.606538
9.353965
6.777816
11.413749
10.223491
6.729274
6.601224
6.72875
11.441282
6.742804
11.497257
6.71149
6.78039
6.576705
6.748301
6.813891
10.431002
6.777888
6.7829
11.340692
10.48528
11.343307
6.765458
11.530191
10.909519
6.769725
6.65138
6.706362
10.547211
6.750038
6.722008
6.785389
6.751175
11.65144
6.792609
6.77082
10.847768
6.666929
6.767044
10.645021
6.775118
6.728072
6.583486
6.590113
6.774222
6.77951
6.76026
11.002762
6.753146
6.753001
6.741539
6.751983
11.762144
6.736395
6.770952
12.074431
10.339792
6.743605
11.171183
11.460678
10.1131
10.332594
6.737588
11.741976
11.349439
6.759861
6.764582
6.740767
10.160581
11.299449
11.686703
6.753064
6.649522
8.786021
6.653764
6.790197
6.731363
6.772376
12.304883
11.075359
6.750564
6.589367
12.112978
6.76992
6.782263
6.632864
12.136776
6.746197
6.748762
6.636793
10.293753
6.764639
11.89179
10.57345
6.623412
6.762129
6.750599
11.18826
11.638449
10.907386
6.758616
9.953164
11.826875
6.569521
6.745376
6.630136
11.508017
11.269143
6.742654
6.738315
11.13623
6.746774
6.725641
12.27566
10.099863
6.773877
6.775155
10.461848
6.758136
6.754445
6.592462
6.705396
6.719113
6.728747
11.07185
10.563274
10.983355
6.742227
12.532001
6.673331
9.860151
6.73666
6.762593
10.094501
10.055739
6.742278
11.300256
11.080356
11.961536
6.76854
6.756168
10.75889
6.762076
6.779462
6.768072
6.742201
6.765342
6.754408
6.762034
10.442853
6.758489
6.817601
6.733487
10.414481
6.614021
6.579128
6.77116
11.293576
11.366924
11.016806
6.601869
11.991358
10.643616
6.760385
6.684337
6.590302
6.731517
6.748416
6.756232
10.705042
6.669004
6.76942
11.354211
6.726274
6.590763
12.858877
11.191398
6.765366
6.739683
11.273673
10.09532
12.469443
6.750892
10.133245
6.748
6.759356
6.772151
10.61918
6.691648
6.744322
6.718599
6.590935
10.218078
6.77158
10.223823
10.739185
11.733522
6.742101
6.64108
6.596407
10.305151
6.556406
6.727103
6.768244
6.752422
6.768999
6.599542
10.090843
10.438386
6.625101
6.719434
10.162576
6.87626
6.784906
11.240399
11.327947
6.780693
10.516725
6.776611
6.732205
6.588587
6.708914
6.588185
10.735917
6.748747
10.339868
6.728541
10.803282
6.716588
6.756988
10.817684
10.741036
10.457824
6.756235
6.596593
6.735802
10.837194
6.797709
6.691331
10.891528
10.556946
6.749133
6.750343
6.743175
6.758463
6.771079
6.783242
11.286797
6.648837
6.760757
6.74335
11.896375
11.203526
6.747745
6.739384
11.160728
6.739462
6.752013
11.021735
6.797855
11.117483
6.658896
6.604687
9.560426
12.026533
6.759098
6.763107
11.828748
11.175497
6.803758
6.711363
6.725176
6.757593
12.123771
11.736647
6.728055
6.665073
6.760639
10.114176
6.746241
6.742363
10.371783
11.355372
6.636549
6.753081
6.736284
11.046917
6.590252
6.785289
11.481077
10.634145
6.57948
6.781537
11.321418
10.352108
6.599825
6.779839
6.777616
6.570412
6.618474
6.797192
11.763418
6.74283
6.598706
6.777413
11.165373
6.757063
6.74674
6.626287
6.775463
11.606181
6.590712
6.766395
11.677723
6.706951
6.77543
6.768699
11.278782
12.000363
11.384597
6.743716
6.753501
11.340973
6.728765
10.995715
11.058829
12.030754
6.73509
6.602286
12.29822
10.389333
6.748212
6.73534
11.865122
6.736962
6.607999
11.000162
11.706192
10.350037
6.74528
6.745694
6.649596
10.591954
6.590013
6.826078
6.724281
6.75032
6.57853
6.781636
6.594041
6.753659
10.271677
6.69916
6.740371
10.745689
6.745902
6.806866
11.525585
10.620213
6.724911
6.746205
6.827431
6.752721
11.215447
6.742737
12.461714
6.687503
6.757152
6.634118
6.767366
10.676891
6.56374
6.749633
12.0166
6.773719
6.751545
12.002477
6.787381
6.750638
6.729665
6.737362
6.617197
6.731191
11.38035
6.605143
6.729897
6.761054
6.755181
11.020256
6.807562
6.653407
10.643122
6.754109
6.716436
6.729509
6.728333
6.749127
6.738633
6.793993
10.264781
11.82406
6.738246
6.751123
12.305539
11.520462
6.765599
11.951978
9.771195
6.731018
6.655004
6.764487
6.585059
11.581181
6.741469
6.753891
6.578692
10.596053
6.786419
6.722594
6.572174
6.726248
11.110732
6.613028
11.133052
10.333079
6.750087
6.587661
11.338665
11.130755
6.710035
6.590639
10.38233
12.774669
6.772298
11.568197
9.951011
6.77768
6.583986
6.623976
6.61089
10.791848
11.706128
6.793039
6.729044
6.74224
6.753963
6.764363
6.72911
11.488613
6.761446
6.757797
11.189584
6.743291
6.770865
6.583716
6.720341
6.603884
6.735179
6.58525
11.556178
6.788587
6.75192
6.748083
11.319881
10.809656
6.639938
12.510362
11.834958
10.388167
6.677842
6.726143
6.754795
9.63687
6.748618
6.73718
10.530366
6.767985
6.770744
10.382814
6.728043
6.596321
6.782611
11.926541
6.738882
6.756155
6.740081
10.946376
6.747104
10.001465
10.813214
10.866417
6.760084
6.554701
11.601433
10.317894
6.757318
6.73546
6.79597
13.351822
6.769761
6.769345
6.780342
6.80421
6.652012
6.750151
11.937636
6.769284
6.611887
6.72609
6.747242
10.32115
6.730056
6.796967
11.36991
10.977621
6.776247
6.714521
6.780903
11.64865
11.673466
6.755062
6.7472
10.629324
6.749589
6.805005
6.722866
6.730671
6.765746
6.739327
10.883807
6.605465
6.776829
6.590668
6.754858
6.597316
12.426833
6.761889
6.757137
6.756069
6.749797
6.760544
6.594346
12.880607
6.738899
11.418944
6.768007
11.256948
6.820181
11.387707
11.854346
6.773936
6.736475
6.810164
6.73697
9.635107
11.462526
6.731353
11.811012
10.434925
6.754902
6.764445
6.765599
6.767988
6.765669
6.725908
10.043232
10.552396
6.650464
6.716129
11.862596
6.748971
6.732838
6.580138
10.800744
6.739955
6.720536
6.766248
6.760093
6.656749
6.835655
6.718573
6.74932
6.749925
9.965285
6.760803
6.614755
6.720457
6.745121
10.854654
6.745134
11.635982
11.136424
6.749752
6.732756
6.73876
11.102688
11.608549
10.632653
6.778434
10.150093
10.506777
6.678987
6.747764
6.72704
11.727
6.789509
6.735656
6.618215
12.365411
6.634857
6.749059
12.162158
10.854005
6.602583
6.778844
10.451686
6.747369
6.737199
6.567807
6.700141
6.750349
6.751816
6.805216
11.459447
6.738361
6.618777
6.739677
6.727772
10.520892
6.754848
6.766074
12.191102
13.060501
10.757814
6.597643
11.595902
6.766981
9.961249
6.60297
11.969372
10.508044
6.659834
6.608864
6.726834
6.772535
6.731085
6.603521
10.381689
6.748248
6.689776
11.766017
10.393551
6.725301
6.818771
6.7473
6.754004
10.257276
6.810614
6.616838
10.601359
10.124724
6.710975
11.95672
12.895913
11.090509
6.637888
6.757002
6.793876
6.785787
6.759561
10.27461
10.230691
10.712183
6.767757
6.722554
6.617139
6.722589
6.816995
6.584751
6.775431
10.146154
6.599207
11.623264
6.739636
6.729207
11.501329
12.104927
6.560786
6.588135
10.354732
11.467712
6.65701
6.764548
6.764542
6.617888
6.772648
6.776903
12.25702
11.785852
6.621197
6.734072
10.945656
6.771385
6.578463
6.654238
6.795959
6.749404
6.745623
6.654422
11.510415
6.65696
10.889812
6.624121
11.47105
6.641718
10.534517
6.717707
11.81433
11.738187
6.774294
6.733411
10.892805
6.745397
6.772052
6.790155
6.591423
6.753765
6.73199
11.165026
6.751557
11.12981
6.789049
6.637832
6.601633
11.491864
6.738068
6.71017
6.754719
6.763184
6.772664
6.756027
10.961737
6.798587
6.758569
6.580383
6.593819
11.249742
6.607643
6.736717
10.819131
12.196448
6.751897
6.749776
6.766394
6.728593
6.616244
11.052057
12.357354
12.601486
6.612197
6.743293
6.783242
6.814169
6.735066
6.618878
6.769871
11.258092
6.722149
6.760391
11.688533
6.718752
6.577726
6.821968
10.373566
6.760241
6.774936
6.733897
12.057552
10.213611
6.76562
6.733151
6.612605
6.764028
6.724487
6.713388
6.737614
6.73981
6.770098
12.264289
6.581134
6.614432
6.76168
6.597527
6.761397
11.344821
9.76681
10.974641
6.703071
6.755224
10.989959
6.764464
10.260421
6.75255
11.088483
6.782083
6.549014
6.760311
6.749741
11.306197
6.654568
6.735918
6.751014
11.62339
6.755848
6.773101
6.761187
11.391746
10.384136
6.76619
6.739133
6.756396
6.623109
6.778217
10.306405
12.210206
6.725302
10.458012
11.859189
6.748107
6.599762
10.448739
10.558869
11.901433
6.75541
6.597542
6.666502
6.755796
6.737789
6.769917
10.808721
6.753161
6.743661
6.747082
6.713033
6.719815
9.951327
6.740634
6.755315
10.599864
6.74379
6.75915
6.779378
9.850839
11.930924
6.582108
10.205468
9.845775
6.586222
6.750513
6.589268
6.64708
6.627318
11.254048
6.725854
6.727961
6.709819
6.610894
6.735618
11.667041
6.707008
6.752408
10.696416
6.777121
6.731132
6.701405
6.641528
10.97357
6.720375
6.755052
6.789234
10.654856
6.733684
6.770521
11.537074
13.213884
6.775888
6.672721
6.732634
6.605593
6.684142
9.629381
6.696784
9.448749
7.964207
10.964782
10.37245
6.766368
6.815889
6.726895
6.766319
10.523393
10.676194
11.305645
6.710509
6.744584
10.806633
10.945282
6.782136
6.779149
11.264615
6.751775
6.599982
11.613368
10.499245
6.596045
6.755328
6.744782
11.359358
6.797036
6.757291
6.616771
6.761698
6.559323
6.615159
6.751949
6.813886
6.758262
10.895575
6.741008
6.57226
10.93833
6.757342
6.627198
11.059685
10.274222
6.57367
6.600827
6.677211
6.745542
6.56975
6.74335
10.384393
6.590518
6.736013
6.760624
11.736973
11.061936
6.733548
6.736218
11.509541
6.613765
6.752039
6.634912
6.744404
10.145298
6.767366
6.747836
6.752488
6.586485
6.782686
6.76642
11.460077
11.625443
10.813646
6.762189
12.627906
11.227417
6.770733
6.755686
10.923802
11.501639
6.759166
6.752916
11.970737
6.752421
6.825506
11.057503
10.546551
6.756069
6.805039
6.723366
9.891276
6.625402
6.781934
6.596852
9.450703
10.414316
6.743196
6.601298
10.080747
6.773066
9.514212
6.772724
6.765372
6.763955
11.13413
6.626719
6.771694
6.666254
11.117116
9.726704
9.552595
6.604461
11.525658
10.46423
6.712336
6.765281
9.843507
12.443627
6.558137
10.308442
12.269163
6.727741
6.777381
6.675832
6.599755
11.665874
6.784335
12.583852
6.766402
11.424782
6.668575
6.582934
6.602041
10.98351
6.760081
6.569567
11.286612
6.587767
6.735205
6.775941
6.783674
6.604544
6.764201
6.834851
11.021636
6.742661
6.671105
6.776036
12.245731
11.494433
6.542781
6.625345
11.338731
10.864795
6.617676
6.710462
11.493822
6.636862
6.751438
6.773886
6.77993
6.737099
6.766884
6.596195
10.446657
6.723415
10.480881
6.725966
11.923669
10.771343
11.479086
6.750969
6.740278
6.73774
6.600169
6.758104
6.774139
11.677232
6.599904
6.652319
10.234719
11.50465
6.714055
6.611699
10.30901
6.769052
6.653097
9.471759
6.755487
13.199114
6.612694
6.739908
6.808242
11.012284
6.580063
6.756213
9.048286
6.59861
6.601617
6.732761
6.726301
6.64326
11.289564
10.016112
6.741698
11.699674
10.314088
10.507902
6.647965
6.713275
15.997638
6.759677
6.743145
6.717838
6.748147
10.567619
6.750047
6.579942
6.635348
11.396647
6.772671
6.578101
11.017643
6.77604
6.784819
6.76091
12.930165
11.567554
10.801837
6.642345
11.207301
12.311922
6.750774
6.625704
6.595928
6.594014
6.759468
6.61645
12.442208
11.362669
6.768744
6.741935
6.764392
10.911646
6.762541
6.581765
6.756945
6.597409
11.856558
6.780792
6.765203
10.261789
6.642122
6.610832
6.782156
6.747987
6.747518
6.635344
6.735446
6.6082
6.748438
6.72789
12.037727
6.738736
6.75945
11.032688
11.555692
9.649491
6.72674
6.633583
10.064432
6.764192
6.799443
6.770007
6.61651
12.973532
11.148813
6.799188
6.661835
6.614324
6.545991
6.789395
10.845479
6.607493
6.789859
6.641289
6.768844
11.154061
6.74346
10.659802
10.863831
6.685625
6.750464
6.756436
12.014167
11.804487
6.770255
6.715243
6.796836
10.995585
6.751386
6.733794
11.227687
10.153614
6.754376
6.648183
6.591384
9.962212
6.727526
6.822272
6.787383
6.62266
9.9104
6.746133
11.358122
9.872952
6.735752
6.752874
6.585426
6.774077
6.735539
6.748871
6.746796
6.712275
10.503161
6.65717
6.637841
6.742765
6.746793
6.754326
6.595515
10.865293
6.725002
6.771841
9.111882
11.657785
6.688335
10.077775
6.7928
6.746929
6.754265
6.769543
11.10961
6.762373
10.515159
6.73467
6.755441
6.768148
6.735037
6.628998
6.608644
11.124389
12.489409
6.767405
6.734238
6.769567
10.968388
6.756856
6.727379
9.782376
10.752922
6.621674
6.595829
6.590552
6.754054
6.786416
6.810704
15.571625
6.743333
10.252911
6.758782
11.519902
6.60385
6.648146
6.789224
11.836995
6.735165
6.755602
6.754248
6.729125
11.592646
6.734242
6.954412
10.145429
9.60646
6.622334
6.80072
10.36126
11.284919
6.695892
6.599309
6.737979
6.756155
6.750719
10.088252
11.038991
6.790055
6.751008
6.743882
6.61914
12.063193
6.763415
6.73163
11.944722
10.99853
6.678217
12.233506
6.780291
6.696603
12.557089
9.021645
6.740329
6.766548
11.585505
6.772106
6.762608
9.50575
10.896177
6.780516
6.772325
6.746338
10.770279
9.570206
6.746776
6.592117
10.151153
11.134517
6.756958
6.735077
6.770619
12.047438
6.770429
6.764719
11.400388
6.578833
6.740438
6.649269
10.99724
6.74928
11.190809
6.698717
10.839528
6.773841
6.742516
6.758333
11.68726
6.738821
12.179867
6.791383
6.738438
11.613953
12.271258
6.774648
11.031085
10.431513
6.781603
6.745266
10.867718
10.194583
6.606368
6.613233
6.775021
6.773011
6.780944
6.743265
6.734211
11.478016
6.777729
11.211555
10.439813
6.721397
6.815935
6.751371
6.728268
6.742559
6.737096
10.589642
10.843492
6.607107
6.72081
6.650163
12.171036
6.76456
11.654115
6.78262
10.550248
9.924164
6.772425
6.623193
11.089334
6.808313
6.752774
6.754842
6.696486
6.74987
6.748166
10.761506
6.755126
10.849511
6.783055
6.653737
10.792451
6.651247
6.741191
6.643082
11.188005
6.746838
10.489317
11.625217
6.755806
6.731481
10.183712
6.766308
6.72338
6.719437
11.741892
9.922903
6.751252
6.757077
6.569602
11.606823
11.694868
6.57022
6.769183
6.715805
6.749638
6.767183
10.762447
11.130451
6.743734
6.670802
11.62244
9.857147
6.770405
6.764442
6.745327
6.588118
6.738721
6.650447
9.89277
11.033529
6.585163
6.760295
6.765736
11.949248
6.765675
6.633971
9.829012
6.748592
11.689357
6.74482
6.716483
10.565397
6.789374
10.72954
6.729361
11.181324
6.715076
6.724284
6.754401
6.833264
6.665078
11.062571
11.242612
11.262514
8.628041
6.766816
12.094123
12.047095
6.763154
6.734526
11.118145
6.754885
6.759165
6.757723
6.751342
11.851734
6.712201
6.778859
10.746405
11.379372
6.758293
6.782957
6.767482
10.257466
11.262699
6.751437
6.69814
6.769051
6.769013
6.77299
11.881614
12.156569
6.733869
6.772784
11.470634
6.754364
6.733894
11.919975
10.822157
9.943383
6.749968
6.612053
6.763548
9.838038
6.772875
6.775318
6.753426
11.197746
6.597725
11.047648
6.732173
6.757271
6.782403
6.699321
6.736718
6.78563
12.112412
6.753914
6.764544
6.607862
6.797254
6.761203
6.74626
6.766667
10.285652
11.357366
10.955654
6.613021
6.767874
11.88421
6.732952
10.908742
6.75857
10.362592
6.607432
6.773325
9.919451
6.623481
6.623122
10.906475
6.605632
11.146797
11.988432
6.763575
11.131519
10.256518
6.785296
6.744525
11.648215
11.55822
6.590139
6.568827
6.768171
6.768055
6.730974
6.720887
11.541451
6.76141
6.746347
6.731326
6.78236
10.816776
6.779234
6.745192
11.628589
6.753836
6.764331
10.904046
6.61295
10.538615
6.803414
6.643829
6.745946
6.759178
6.780288
6.611927
11.656418
12.028292
6.756579
6.621824
11.031598
6.621435
6.749999
6.756542
6.794773
6.772354
6.77052
6.762481
6.76335
6.782902
10.203577
6.768116
11.21347
6.741823
10.799153
6.759212
10.585787
11.436158
6.773825
10.088821
6.57465
10.896779
6.748283
6.656293
10.020699
11.275179
6.769131
6.665116
11.98234
11.560081
6.750407
6.773734
6.779517
6.788003
6.779301
11.602852
6.612541
6.781698
11.280822
11.155612
10.570953
6.754266
9.836282
6.745355
6.801253
6.734843
6.654162
6.743983
10.837451
6.684802
11.534189
6.679012
6.625589
6.760587
11.383797
6.62243
6.675607
9.709239
6.631628
6.757959
6.752006
6.775025
6.786119
10.857077
6.715179
6.755331
10.147535
12.098193
6.739681
10.841134
6.56698
6.778733
6.745106
6.770287
10.199198
10.647419
6.791356
11.679782
11.891382
11.137724
6.748264
6.605273
6.739366
10.80806
6.78114
6.657368
10.893203
6.7547
6.662985
6.766167
11.377254
6.611403
6.748344
6.793258
11.826946
6.760403
6.751992
6.732308
12.839724
6.538558
6.788508
6.75621
11.684216
11.648536
6.574443
6.739513
12.76892
6.780414
9.644506
6.746924
11.031679
10.440324
6.747357
6.776846
6.745554
10.67379
6.74
6.767862
6.655876
11.525963
6.771551
6.702529
12.129297
11.864854
6.734991
10.303386
10.355705
6.737218
6.61776
10.77599
11.896164
10.85484
6.783291
6.73625
6.672601
6.748749
6.58559
11.819436
6.572531
10.098016
6.742954
6.626846
6.580158
10.514382
6.7878
11.476383
6.668885
6.756443
6.625063
6.620983
6.729533
6.757031
11.156344
11.958178
6.620573
6.732585
6.773432
10.468513
6.736607
6.70083
10.58405
12.11534
6.755158
6.538739
11.848773
6.766234
6.74543
6.778469
11.625183
6.610359
6.60247
6.790617
10.230348
11.245164
6.744748
10.712814
6.741453
6.759908
6.705093
6.571405
11.020495
10.643677
12.550678
6.752482
10.216755
10.522313
6.732544
6.72733
11.446976
6.763207
6.644256
6.746348
6.76009
11.797376
6.710887
6.732073
6.753477
10.799852
6.75822
6.630542
10.843863
6.590041
6.78426
6.759621
6.779676
6.789015
6.759567
6.58664
6.767558
11.840347
6.74716
6.743765
6.753259
6.783274
6.762861
6.765512
11.5362
10.594875
12.279053
6.735384
6.768909
11.926089
6.75998
6.739039
6.610167
6.689269
10.083633
6.79858
6.79825
10.025807
6.686025
6.744756
10.493741
10.658819
6.778972
6.76596
6.764143
6.5994
6.774881
11.032874
6.736201
10.140432
10.598574
6.731191
6.758894
6.739921
6.771786
6.736606
6.562131
6.771164
6.765562
9.83131
6.651035
6.774131
6.775171
6.590252
6.592797
6.603989
10.27263
6.735448
6.762029
6.750373
10.8406
6.615001
9.787294
6.749151
6.745075
6.664384
6.773991
6.724314
6.750855
11.949396
6.646095
6.798211
6.779025
6.639083
6.645712
6.793857
11.537252
11.970739
6.595392
6.794378
11.723167
11.01438
6.648741
6.753554
10.324062
10.841862
6.765828
6.609934
6.767168
6.727202
6.760202
6.587016
11.116818
6.740196
6.627431
6.772132
11.772914
6.776339
6.800915
6.610489
11.070851
6.732876
6.77637
6.747735
6.72974
6.759101
6.759965
6.602026
6.767782
6.604855
6.748066
6.753249
12.127616
11.148362
6.770705
6.753055
6.579749
6.745674
6.732882
6.748027
10.855396
6.600544
6.729423
12.014191
6.741499
11.871582
6.685068
6.767686
10.051245
10.09973
6.754259
11.548032
6.732133
11.209893
6.78742
6.744871
6.73572
6.598943
10.737034
10.843445
6.765573
6.752074
6.771614
6.748083
6.774421
6.586474
10.16463
6.734233
6.580314
6.764297
6.737831
6.748858
6.738112
6.744425
6.786935
11.804973
6.619374
6.599437
6.759438
12.219537
6.754697
6.619208
11.617351
11.983052
10.126097
6.749886
6.746818
11.926685
6.576447
6.738824
10.670004
12.76683
6.764772
6.772866
10.094435
6.565501
6.731861
10.616609
6.617993
9.11003
6.648401
6.767357
10.582825
6.733368
6.735114
6.606937
11.124946
6.737039
6.751728
6.613458
6.648979
6.68516
6.748344
6.762774
6.656765
11.86458
6.776154
6.604967
12.177622
10.653292
6.616207
6.773629
6.643561
6.744019
6.741544
6.72173
10.249638
6.751629
6.618422
6.626773
9.992263
6.785698
6.735755
6.710775
6.584418
10.450875
6.736083
6.616895
11.589735
6.749363
6.801295
6.761082
11.935372
6.725225
6.735462
6.729794
6.776653
6.763613
6.75108
6.768496
11.092557
6.630693
10.792144
6.749533
9.66522
11.431654
11.217615
6.76456
10.342621
6.586016
6.754033
6.734567
6.738352
6.769669
10.08862
10.359416
6.589628
6.79292
11.648952
10.62901
6.741746
6.636237
6.743661
10.930521
6.617201
6.755879
11.643238
10.050403
6.598964
6.59829
11.091478
6.588717
10.688811
6.752211
11.994904
6.742542
11.203832
6.764173
10.728202
10.619775
6.725831
6.684618
6.795754
10.960197
6.693641
6.77188
9.469927
11.376034
6.751774
10.791411
6.772704
11.035561
6.703189
6.751593
6.729643
10.215969
6.757371
6.579346
6.787193
10.822464
6.628223
6.651775
6.600568
12.049906
6.757867
6.749859
11.720213
11.356469
6.768151
6.740927
10.40918
6.759022
6.758372
6.750703
11.411344
11.407428
6.802597
6.783487
6.626063
6.712036
6.735519
6.759
11.325979
9.51618
12.511039
6.724606
6.765104
10.422888
6.612399
6.755046
11.538403
6.784606
6.729268
6.750873
6.752799
11.986669
6.776055
6.619843
6.767057
10.15199
6.733885
6.720149
6.585236
6.745517
12.137778
6.708492
6.771953
11.370099
6.733771
6.749037
11.071578
10.740531
6.750781
11.211834
6.759048
6.774464
6.555705
6.810834
6.749386
6.694622
6.741612
11.796448
6.750252
6.775401
6.777001
11.566671
6.786874
6.742014
11.183488
6.74945
6.618083
10.022793
6.588161
11.583844
6.742607
6.553929
6.760713
11.080579
6.726919
6.735699
6.597237
6.775548
6.70824
6.778946
10.936607
6.757878
6.748419
6.724973
10.491831
10.011508
6.634164
6.7461
6.751241
6.622138
9.263469
6.763499
10.07453
6.604122
11.238963
6.767242
11.030087
10.263009
6.75278
11.2832
11.74046
6.738117
6.742201
6.745358
6.779478
9.529618
6.762719
6.800207
10.640009
11.447471
6.747016
6.663032
9.362847
6.754224
6.623045
6.731498
11.15318
11.971531
6.616926
6.839906
6.61836
10.798856
6.720711
11.632118
11.69447
6.768007
6.767577
6.72996
6.788954
6.773906
6.766431
6.749481
6.727518
11.907332
10.944711
6.745463
6.550533
6.744961
6.595886
6.684842
9.93047
11.265668
6.785624
6.752243
11.179651
10.339049
6.563751
6.753956
10.928017
6.812699
10.532517
10.382219
6.778361
6.722923
6.712893
10.790787
10.797156
6.758246
6.734079
6.743522
6.750197
6.728762
6.755942
11.736478
6.721018
6.695233
11.500054
6.650424
6.766862
6.600842
10.512517
6.72409
6.792303
6.804624
11.011929
6.726187
6.742851
6.763951
6.7924
10.72929
6.756929
6.726859
11.765513
10.363394
6.802381
6.786347
9.947546
10.638459
10.807484
6.76056
10.856998
9.772453
6.6021
6.752608
6.788941
10.338206
6.744399
6.771563
6.733276
9.270159
6.762166
10.97584
11.070206
6.657272
6.607355
6.763049
6.736853
10.402642
6.766979
6.723478
10.351264
11.208588
10.639192
6.756268
6.670822
6.742291
6.653939
6.729035
12.170849
6.750302
6.740235
6.745848
6.760856
6.750104
9.555981
6.734077
6.741732
6.762148
6.71755
6.732705
6.643848
9.731
6.76158
6.74587
6.766002
6.598217
6.746443
6.668577
11.762566
6.735722
6.772566
6.736065
11.056725
6.742949
6.698935
6.778228
11.629805
11.175737
6.540046
11.250336
9.887821
9.09113
10.425974
6.741373
6.795324
6.694378
6.570012
6.737736
6.781413
10.449413
9.450927
6.651094
6.702405
6.755143
12.322969
11.308455
10.573556
6.734267
6.753121
6.784841
6.621262
6.758163
10.91499
10.779166
6.780098
6.754736
10.343481
10.23573
6.721026
10.590603
6.732861
10.765843
6.747039
6.759672
12.093046
6.747672
6.705539
6.614079
10.782664
6.752972
10.059284
6.615577
6.759774
10.004936
6.749721
6.768554
10.625924
10.668071
6.75755
6.765204
10.531125
10.406248
6.755692
6.659027
6.804199
6.786672
6.789666
11.572527
10.056856
11.166408
6.580512
6.570155
10.19975
11.456886
6.804822
6.733471
6.765127
11.338563
6.625739
6.636119
11.640791
10.220608
6.767999
6.628921
12.023136
6.582569
6.787578
12.052837
11.398498
11.444265
6.7413
6.752703
6.655468
6.626175
6.744094
6.747099
9.322526
6.717101
6.587526
6.772473
6.760307
6.765461
6.744185
6.739066
10.783174
6.771063
6.730192
6.789125
11.405068
6.707559
10.151702
6.730432
11.546632
6.806402
6.729814
6.788769
6.575407
6.657439
6.738634
11.368298
6.72981
6.742458
9.151435
12.132177
6.780893
6.746952
6.745377
13.078653
6.739799
6.721943
10.60698
9.058647
6.76759
6.832472
10.988254
11.509972
10.733792
6.741075
10.974526
6.615622
6.796246
11.579503
10.616333
11.36932
6.753738
6.7822
6.727924
10.877775
6.756522
6.784858
6.76952
10.445851
6.753643
6.623238
6.59216
11.909389
6.594843
6.767055
11.187295
6.744718
6.750282
6.682684
6.752348
11.433627
6.733245
11.044731
11.737638
10.960767
6.734254
6.768834
6.603768
6.787338
6.743717
6.754961
11.326727
6.73257
10.98893
6.640822
11.389352
11.68352
6.750287
6.770721
10.896463
6.772229
6.716893
6.682133
11.972492
10.237833
6.753242
6.756551
6.75526
11.16094
6.76318
6.659111
11.427989
11.005937
6.799691
6.747402
9.921977
10.198655
6.602599
9.17157
11.621737
6.660002
6.811376
6.739833
6.753831
6.756343
6.587004
6.745556
11.200952
9.851991
6.776843
6.793154
6.726742
12.403666
6.614341
11.92578
6.760112
6.594441
11.158001
6.61725
6.733129
12.294428
12.003929
11.10069
6.574158
6.596726
6.759886
10.782269
6.7408
6.751297
6.740485
6.774194
6.754564
6.608157
6.775049
10.237821
6.721996
6.768425
11.782906
10.218107
6.784469
6.74824
11.079598
9.949422
6.742069
6.597572
6.607026
6.7715
6.793297
6.748206
11.209474
6.741565
6.598903
6.765248
6.770413
11.520271
6.643651
6.679627
11.258614
6.732484
6.762539
6.750829
12.145915
6.749546
6.606124
6.710126
6.737567
6.691457
6.75067
6.736359
10.347664
9.97905
12.395812
11.754403
11.345332
11.711119
6.575364
6.594742
10.233015
6.755153
6.602651
12.192377
6.774651
10.554656
6.750281
6.775404
11.220468
10.141608
6.740857
6.564568
6.737083
11.541205
6.761026
6.588892
9.792355
11.423399
6.79136
6.69807
6.740042
6.733687
10.506089
6.632166
6.756352
11.162857
6.726436
6.753772
6.746952
6.764934
6.581745
6.650914
10.504766
6.777428
9.955279
6.760786
10.741687
6.738051
6.764663
6.754675
6.770688
10.652105
12.980172
6.742077
6.759813
6.799559
6.745392
9.974112
6.749053
6.726812
6.734831
6.769967
6.771087
6.791873
6.665037
11.973324
6.725846
6.783976
11.558709
11.827461
6.743288
6.771844
12.04995
6.754724
6.778351
6.660158
12.140994
6.822505
6.665497
6.770924
11.368767
11.958149
6.630413
6.605319
12.725866
11.570399
6.860383
10.213684
6.593162
11.084383
6.730711
6.664619
10.622826
6.602605
6.722752
6.741966
6.737185
10.743856
6.61108
6.740109
6.616167
10.779777
9.441948
6.738217
6.775941
6.727351
6.774088
6.61486
12.516243
11.471392
6.560418
6.782354
10.348263
11.87634
6.599884
6.801965
6.772858
11.234078
6.592987
11.798523
6.659772
10.905022
11.135034
6.749389
6.579665
6.637478
6.59415
6.727375
10.719877
6.617644
6.739004
6.76975
6.743008
6.772285
6.651125
6.778404
6.782221
6.602249
6.586539
6.738626
6.668208
11.148327
6.739692
6.774897
6.604069
6.761236
6.814928
11.153774
10.295018
10.97991
6.738351
6.607963
6.572032
6.748251
11.893877
6.59806
6.766396
6.795427
6.761017
6.762198
6.756498
6.604841
6.617511
11.205561
6.760836
6.748127
11.655817
11.426416
6.743651
6.609343
6.749804
12.024733
6.669666
6.776323
6.744202
10.671996
6.612804
6.758914
6.743944
6.730741
10.03846
6.747092
6.59136
11.926212
6.743057
6.759158
12.464193
11.965009
6.715124
6.71381
6.688148
6.633082
6.750722
6.747076
10.883863
11.148845
6.744111
6.731267
10.501579
11.251884
6.608612
6.739406
10.613557
6.747737
6.772404
6.758638
6.573652
12.007518
11.007895
6.602173
6.736462
12.015315
6.777712
6.73286
6.736667
10.891322
6.745769
6.788745
6.759449
11.30186
6.737035
10.855568
6.734865
6.760117
6.747653
9.899439
6.65282
12.434946
6.605416
6.727754
9.711426
10.458853
6.748967
6.750919
6.762202
10.199192
6.735537
6.733169
6.728022
11.606387
6.763627
6.590443
11.793446
10.954133
6.593106
6.776843
12.972939
6.732807
6.785639
6.646364
12.244199
6.72791
6.614599
6.810593
6.735146
6.748297
11.415997
6.623707
6.734725
6.732991
6.742334
6.60881
6.704916
6.731565
6.751439
6.590406
6.642897
6.748147
10.995563
6.73338
6.748734
6.647494
11.069051
11.207046
6.76769
6.596439
11.344038
6.730351
10.889547
6.766613
6.648927
10.972479
6.612541
6.803563
10.036127
11.186488
6.679327
10.66892
6.665946
11.834268
6.770595
6.756505
6.789124
12.118033
6.650247
9.519807
6.766748
6.758058
6.576327
6.76525
6.679942
12.014954
6.749396
6.758669
10.465515
9.759043
6.739125
6.729066
10.055887
10.414126
8.229234
6.765247
10.217668
6.604027
11.154198
6.778873
10.912015
6.66328
6.788508
6.716678
6.55495
11.005511
6.799404
11.833381
11.694414
6.7309
6.737358
6.773142
6.610783
6.752581
6.720094
6.76392
6.731562
6.696866
6.616317
6.74985
11.729961
9.01627
6.759673
11.097589
10.232862
6.724242
6.74862
6.756637
10.626617
6.741448
11.395286
6.757703
6.757819
6.746539
6.72464
6.712931
6.746424
11.206826
6.596968
6.667784
6.751327
6.748941
6.764293
6.75139
6.754095
6.630421
6.728544
10.670115
10.886253
6.729068
11.341557
6.785765
6.770007
6.667903
6.579551
11.663082
6.773033
10.817332
6.610485
11.791349
6.76315
9.769637
11.147167
11.84856
6.728746
6.804107
10.607457
11.362298
6.787349
6.753599
11.420957
6.766858
6.747953
6.754201
6.720321
6.75079
11.173792
6.73418
10.692723
6.749918
6.709035
6.804207
11.026042
6.739389
10.525488
6.747243
12.367712
11.049433
6.723639
6.7546
11.846671
6.781111
6.632556
11.838257
6.622601
10.568499
6.724123
6.733555
11.135121
10.91135
6.591211
6.752928
6.774243
12.799288
6.758238
6.746979
6.619508
6.78491
6.762564
6.755754
6.729598
6.741915
6.747415
6.749041
6.77502
10.077206
6.699164
6.736658
12.430812
11.693893
11.770332
6.803626
6.73013
11.992055
6.689293
6.583816
10.389351
11.919989
6.741202
6.758542
10.463323
11.238713
6.741086
6.625894
11.337317
10.260635
6.611543
6.775468
10.855454
11.48974
6.731882
6.771184
6.765021
6.813803
10.416055
6.6156
10.793131
6.74897
6.766177
6.744561
10.976024
6.755603
10.992423
6.611924
6.797342
6.731971
11.171909
6.754649
6.755981
6.720908
11.544291
6.764193
6.752628
11.462
11.472607
6.738972
6.743942
6.734921
6.745227
10.201767
6.683045
6.676962
10.115592
10.811448
6.771012
6.700247
11.709002
11.491386
6.759266
6.760232
6.735429
6.806542
6.728336
6.786846
11.204917
12.13901
6.743603
6.803754
11.557044
6.589049
6.756148
11.583581
6.590103
6.741116
6.751588
6.770198
11.937517
6.743392
6.787121
6.764925
11.212215
6.594266
6.768533
6.682747
11.404785
10.60502
6.764536
6.613719
10.14266
6.698505
6.757488
6.767238
6.732935
6.59098
6.739345
6.583414
6.730763
11.479994
6.741242
6.783734
6.73228
10.343811
6.732636
6.767105
6.749099
6.759963
6.781859
11.582546
10.492351
6.751358
6.628527
6.764944
6.657858
9.831861
6.74164
11.710053
10.115805
10.742091
6.769203
6.764304
6.639572
6.765652
11.935534
6.73389
10.165649
10.904454
6.614693
6.798944
6.74548
11.150779
12.678048
6.669429
9.960953
6.794837
11.429488
6.774792
6.73088
6.650788
10.262851
10.797664
6.7537
6.743761
11.14351
10.467772
6.630165
6.765785
6.754428
6.769823
6.717564
10.555836
11.302379
6.740617
6.712061
6.767966
10.74222
6.732097
6.799356
6.597977
6.644654
11.036126
6.838859
6.77908
10.741671
6.653108
11.14404
6.647876
11.882751
11.774015
6.611154
6.583084
10.695018
11.65271
6.782872
6.754822
6.751941
12.522105
6.746808
6.764378
6.712904
10.912628
6.723796
6.695619
12.421963
10.381448
6.744375
6.605729
11.068392
6.758802
6.745234
6.633079
6.719525
6.779394
6.721604
6.781125
12.017799
6.72525
6.588762
6.754944
6.69901
11.522228
10.756545
6.744525
9.088862
11.704893
6.73457
6.625048
12.277138
6.763052
6.739055
6.736546
11.663365
11.179986
6.773792
10.915198
6.698289
6.739487
6.767859
6.731642
11.385532
6.753506
11.80632
6.569257
11.946606
6.641496
6.722806
6.75855
6.63583
10.863135
11.697701
6.75421
6.819668
6.730369
9.724051
11.22801
6.784447
6.744161
10.661212
6.733436
8.972508
6.78565
6.754452
9.618073
6.718466
6.75209
10.734173
11.069998
10.630076
10.77577
12.522236
11.473996
6.75833
6.611904
6.749574
6.822592
6.737675
6.586308
6.759641
12.063451
6.613915
6.761926
6.650878
12.330866
6.812236
6.759384
10.830113
6.639093
6.814119
6.607745
6.71965
11.4752
6.747483
6.696027
6.786127
6.653247
6.614791
6.661143
11.752209
10.141938
6.583269
6.747691
11.276123
11.903372
6.746867
6.761783
10.399442
6.819767
6.758419
6.831173
6.700107
6.752391
6.580573
6.66545
9.401141
6.603697
6.658607
6.734688
11.863609
10.130946
11.250714
6.785675
6.769429
9.177139
6.758727
6.790374
8.715355
12.102998
6.764695
6.59888
11.986567
11.084968
6.707144
6.758713
11.998553
6.789583
6.587124
12.970297
10.303571
11.133816
6.603616
6.787571
6.653304
10.730887
6.782934
6.768385
10.322762
6.757778
6.745647
6.742943
6.742766
11.454821
7.736162
6.74099
6.767905
6.75617
10.258083
10.8585
6.62753
6.740053
6.781578
11.050606
6.735407
6.571323
12.696123
9.809666
6.743255
11.629847
6.758353
10.495564
6.753061
6.732022
6.785447
6.691043
6.727665
6.598075
12.393213
11.689259
10.525298
6.586138
12.099799
6.740296
6.757852
6.776629
6.762665
10.554269
6.709494
6.73587
10.096443
6.782305
6.625701
6.746903
11.310647
6.762448
6.756997
6.818827
11.686436
6.706861
6.589887
6.728304
11.481866
10.070352
11.224356
6.720545
6.738419
11.589032
6.734974
10.581782
11.873085
10.298999
6.757426
6.742197
10.685017
10.207444
6.719693
6.76642
10.713632
6.715796
6.584342
6.764986
11.105664
10.788965
6.757335
6.753096
10.969024
6.763734
6.726247
6.755194
6.728749
6.766645
6.615
6.757985
6.593161
6.65136
10.985445
6.56758
10.152222
6.656826
10.026204
6.729924
11.371914
10.464585
6.765766
6.764741
10.82699
6.770362
11.048384
6.606457
10.808969
6.747476
6.631602
9.970302
6.797146
10.811805
6.755231
10.546701
11.824253
6.752819
6.779256
9.913899
6.764214
6.751129
10.547467
9.232773
6.772949
6.749925
11.282745
6.786841
6.592866
6.644141
11.525377
11.016854
6.790178
6.762809
12.024064
10.465952
10.393992
6.732043
6.760877
6.809558
6.734068
6.78178
9.844732
10.807763
6.76865
6.745773
11.863004
10.72337
6.633296
6.691716
11.189036
6.592199
6.741254
11.883572
6.797935
10.630668
6.735711
6.586951
6.758306
10.749013
6.648513
6.749913
10.231268
6.71689
10.096534
6.614254
11.111379
10.874528
6.746381
6.734673
10.725643
11.512418
6.717392
6.642076
6.765224
6.714431
6.662495
9.94592
8.465042
12.14385
6.77961
6.747989
6.731449
9.700702
11.440719
6.581759
6.657351
6.679823
6.586316
6.57816
6.666778
12.185894
6.754094
6.598938
6.59617
6.57919
6.765667
6.743822
6.786511
6.619751
10.810484
6.780911
10.994492
6.755097
6.647724
6.782359
11.570254
10.657564
6.743373
12.117907
11.791503
6.821815
6.776412
10.941487
6.724929
10.353114
6.799523
6.714111
6.772184
10.331158
6.785395
6.74269
6.737077
6.575573
6.743407
11.771903
6.770515
6.612425
6.749646
6.608772
6.726963
9.504756
11.385907
12.053306
6.784352
6.762556
12.963921
6.739774
6.775668
6.800052
6.760222
11.003934
11.228291
6.756402
10.893386
6.761647
6.70162
6.721202
10.492581
6.759739
6.703599
6.769882
11.798703
11.568569
6.754874
11.12561
10.080963
11.670431
6.720244
6.603596
11.318393
9.142808
6.62529
6.74732
10.646648
6.631791
6.723564
6.77804
6.76621
11.712269
6.764744
6.594661
6.739501
10.03099
6.758942
6.760446
6.796278
12.029766
6.71803
6.778122
11.850393
6.735051
6.71816
6.616149
6.754098
6.731712
6.743182
10.525436
11.307051
6.747594
6.72545
6.750245
11.346493
11.211547
11.66215
6.74745
11.372015
10.157476
6.599342
6.649531
12.271918
6.606758
6.757781
6.760757
6.62542
6.733797
9.929788
6.767246
11.02197
6.743877
6.776643
6.781899
9.412309
10.951446
6.826763
10.90018
6.748954
6.606947
6.563615
6.777649
9.59111
6.762308
11.857949
6.751515
6.777152
6.793667
11.260114
10.743274
6.74683
6.749055
6.643824
12.031221
6.822777
6.780021
6.797623
6.777237
6.763397
6.765698
11.336785
6.752551
6.742468
6.784614
10.00597
6.736226
11.25754
6.710944
12.055249
6.581232
6.737088
6.783002
6.740547
6.772078
6.76834
12.551737
11.246099
6.752078
6.772871
11.631444
6.574997
6.670022
6.754329
10.823825
12.440625
6.761799
6.615405
6.754172
6.749151
6.583463
6.723753
10.994147
6.785516
11.310094
6.797909
6.740447
6.592585
6.752701
11.576794
6.792872
11.237978
11.771848
6.72465
6.592762
11.616056
6.759672
6.812047
6.760738
6.745048
6.537828
6.745685
11.009239
6.756149
6.739955
6.799469
6.58989
6.622979
6.681917
6.76276
6.57994
11.041318
9.784318
6.810173
11.36531
6.755422
6.563058
6.757021
6.565318
10.61733
6.772446
6.733492
6.615278
10.53808
6.748072
12.475251
6.748276
6.735949
6.742186
6.767964
10.604554
10.86975
6.737797
6.775882
10.937594
11.299187
6.753202
6.750103
6.733672
6.583389
12.112323
6.579666
10.364762
6.641986
6.750839
6.766998
10.855942
6.737839
6.760189
6.601317
6.789432
6.563257
6.786651
10.913576
6.771751
6.667375
10.908232
6.641543
6.740698
6.750451
11.770755
6.75465
6.678256
6.768639
6.713187
11.172427
6.728312
6.744433
12.10103
11.43881
9.873431
6.603026
12.047421
11.356768
6.740376
6.798097
6.734894
6.757484
10.5315
6.660136
11.439791
11.380109
6.751438
6.751455
10.385636
12.394569
6.621
6.760704
6.734511
9.654505
6.797822
6.739355
9.470867
11.658954
6.731158
6.595482
10.189792
6.776147
6.769989
9.239665
11.693096
10.359076
6.644712
6.768365
6.571837
6.309144
6.575122
6.716502
9.824912
6.770424
6.7519
6.739288
6.767172
6.734288
10.923778
6.760384
11.754373
6.750683
6.549867
6.637865
11.746954
6.757397
6.725914
6.755399
11.419568
6.73001
6.712291
6.604891
6.662437
11.499763
6.67628
6.725967
10.482587
12.06475
6.595032
10.841115
10.809821
11.001913
6.753423
6.644943
10.610934
10.116205
6.723412
6.732314
6.749745
6.780908
6.674728
6.773727
6.77933
10.926575
6.647344
6.806496
6.770977
6.654371
6.768351
11.680035
10.579289
6.627715
11.593463
11.163517
6.791396
6.632216
12.052186
12.106603
6.719243
10.264096
11.248761
11.286835
6.596294
6.770055
6.585225
11.544058
6.62574
6.745226
6.758107
10.887818
6.765353
6.756647
6.730537
6.602229
11.020364
11.595732
6.736413
11.114747
11.046241
6.618682
6.696652
9.379231
10.137021
6.651221
6.767476
6.63262
11.3211
6.735258
10.453924
6.712571
6.748345
6.77196
6.750638
6.763752
6.767786
6.596887
6.771978
11.603732
6.771166
6.736258
6.766258
6.757602
11.260828
6.753458
6.785965
11.560733
6.786096
6.765108
6.75325
9.820563
10.876207
11.76635
6.752361
6.763947
6.775606
6.772672
6.781845
10.601002
10.847885
6.610218
6.753156
12.228392
10.826465
6.751599
6.782841
6.766739
10.356769
6.787955
6.735186
6.627843
10.77791
6.760612
10.617236
6.759808
6.599064
6.760311
6.77653
6.746387
11.372808
6.807614
6.612943
11.451523
9.924184
6.751723
6.758639
11.186129
11.826769
6.761867
6.649912
10.624519
6.757353
6.755278
6.756423
10.352477
11.650473
6.758856
6.730928
6.746031
6.756671
6.745967
6.782798
6.735674
6.558052
6.746879
6.545763
6.801904
6.728962
10.54679
6.739439
6.742017
6.759946
10.001149
6.730525
6.825979
6.628196
10.76486
9.76024
6.727903
6.759736
10.362627
6.74334
6.755201
6.594685
6.611592
12.101087
11.678292
6.78881
11.636849
10.851524
6.774138
11.383059
6.762422
10.874786
6.757419
11.888145
6.747375
6.763725
6.737186
6.756813
6.760692
6.755087
6.726933
6.751006
6.617998
11.932477
6.751833
6.753984
6.745356
10.972655
6.760321
6.607273
6.75183
10.961579
6.747709
6.547215
9.789218
12.252787
6.657688
6.776528
9.954897
11.782384
11.811258
6.744176
9.862627
6.77268
6.730217
10.682115
9.977765
11.174596
6.733542
6.711738
6.753478
6.738685
6.736786
6.595212
11.033646
6.767743
6.739241
6.769636
6.752061
9.401257
6.767458
6.593023
11.261281
6.702371
6.803036
6.573187
6.759281
12.323179
6.745713
11.484006
6.664787
6.73902
6.708142
6.788202
10.331283
6.798954
6.751461
6.761797
6.768627
6.791009
6.763903
6.600804
6.778956
6.823067
6.769493
10.900632
6.750937
9.98053
11.62221
12.068951
6.766671
6.740306
11.089562
10.600466
6.725598
6.744762
6.579805
11.242208
6.782169
6.793371
6.739574
6.75373
6.748449
6.756466
6.642137
11.340783
6.732358
6.778985
6.748752
10.892205
6.764719
6.592276
10.195104
10.041552
6.77686
6.590507
6.767289
11.010129
6.755844
6.588806
6.769837
9.55062
6.79659
6.735569
6.65579
6.771648
6.766352
6.727956
12.289859
6.731168
6.742416
6.758718
9.544417
12.014965
11.935785
6.718415
6.611326
6.73923
6.760633
6.745065
6.7366
11.588199
6.753496
6.773981
6.789769
10.251278
6.601151
11.323746
10.875543
6.749986
6.777246
6.77796
6.778774
11.693806
6.613803
6.716802
10.462681
11.230406
6.819013
6.652994
6.69767
6.780923
6.570825
6.713936
11.327298
11.287439
6.755465
6.773905
9.373605
6.59584
6.769522
6.781072
9.939705
6.85694
6.757952
6.804674
6.619088
6.755495
6.624663
6.782762
6.732774
11.878442
10.625699
6.639674
6.748271
6.743962
6.742228
11.947676
6.746106
10.034803
11.556202
6.735577
6.594926
6.788051
10.725263
11.751271
6.650441
6.754392
11.439355
9.479916
6.744111
6.746129
6.64983
12.959165
10.390465
6.759014
6.745333
6.646337
6.805531
6.757359
6.759903
12.306874
6.605248
6.624525
11.832828
6.649934
6.788485
6.714376
6.710257
6.745146
6.771351
6.757994
10.341196
6.759048
6.654864
6.780257
6.739727
11.631049
6.627398
6.763839
10.053073
10.646434
6.750801
6.74842
10.5054
13.364136
11.887097
6.7578
10.704617
10.844148
6.732025
6.763285
6.732299
6.670715
6.803555
6.746977
10.947532
6.611438
6.745591
10.085185
11.025454
6.756602
6.727675
6.740871
6.769266
12.584542
6.729633
6.751259
10.806376
10.828584
9.886949
6.766027
11.735461
9.679564
6.757937
6.790319
6.765673
6.778074
6.732001
6.748778
6.833761
10.527731
6.740813
6.741402
11.120901
6.723321
6.77316
6.734387
6.76205
12.070186
6.634842
6.554054
6.614584
6.773024
6.704968
6.725695
11.421535
6.724316
6.640016
10.305201
10.403344
6.754662
11.562172
6.620148
6.722999
6.605404
6.751364
6.712695
6.765171
6.71902
11.75635
11.177612
6.616225
10.523262
6.747639
11.647992
6.74122
10.079893
12.005483
12.208692
6.761493
6.765671
10.729999
6.578457
6.736467
6.749084
6.74122
10.251839
10.170272
6.631669
6.751458
6.725466
6.733515
6.744501
11.403844
6.775189
6.566705
6.743496
12.087908
6.559728
6.626629
6.769109
10.525074
6.728415
6.77795
6.758641
10.148057
11.752712
11.270893
6.784924
10.985231
11.652024
6.76238
6.759179
6.655767
9.545417
6.758052
6.758706
6.822417
11.071193
6.762938
6.668923
11.9786
6.756256
6.80078
6.751776
6.75049
11.785969
6.646346
6.743922
6.646218
6.743643
6.791798
11.651285
6.720804
6.751301
6.745345
6.589613
9.869273
9.652625
6.74767
6.801664
10.692027
8.227103
6.578978
6.744289
11.321105
11.329117
6.730789
6.764566
10.775923
6.746887
6.735757
6.738748
6.58016
6.762285
6.777693
6.726808
11.871091
6.575067
6.79452
12.656941
11.289675
6.738381
11.558125
6.716162
11.341719
6.577045
10.993606
6.770917
6.64351
6.735713
11.520868
6.765026
6.602852
8.714248
12.122511
12.266688
6.752568
6.752668
6.764131
10.028974
6.747113
6.761739
9.316126
11.557065
6.743692
6.654892
11.208552
11.071221
6.724136
6.566763
11.994171
6.740816
6.751061
12.036725
10.977448
10.897763
6.711718
6.592605
10.976252
6.769756
6.774923
10.943331
6.741532
9.861786
6.786248
6.656556
6.762154
11.151722
6.766007
6.827958
11.299819
6.735585
6.568415
6.758673
10.881029
12.229039
6.747932
6.605259
9.399212
6.80048
9.829474
6.760019
10.394649
6.77291
6.767722
6.779838
6.741916
11.817061
6.768131
6.642603
10.749268
6.6114
12.086264
6.757514
11.561845
11.277525
6.620766
10.73344
6.572132
6.64562
6.765079
6.76
6.758782
11.279018
6.760926
6.635898
12.056986
11.648951
6.546975
6.773919
6.785509
6.749607
10.618466
6.765762
9.901105
6.739033
6.789436
6.437491
11.901641
11.491046
11.729418
10.709554
9.992959
6.818278
6.754957
6.776513
6.725609
6.603328
11.456508
10.612084
6.783777
10.364984
12.172517
11.767852
6.647816
6.763387
11.546717
6.764874
6.745017
10.941962
10.826724
10.988549
6.739083
6.778479
6.765551
10.686733
6.580249
6.755655
6.740133
6.76544
6.764608
6.575303
6.743276
6.749904
6.786449
6.630472
6.607827
11.219244
11.027652
6.615418
10.398579
10.551209
6.767419
6.767577
6.756108
6.748618
6.773672
6.716527
12.209447
6.719171
6.676697
6.754901
11.208938
10.565249
6.595516
6.599479
11.449506
6.591261
6.733533
6.711766
6.74288
10.93565
6.563888
12.225914
6.778278
6.753941
6.589364
6.79603
10.444892
10.051488
9.88544
10.858604
10.700393
11.088563
6.607899
6.754249
10.757282
10.273982
6.763937
6.761703
11.83019
6.662883
6.641137
10.651662
12.098626
6.722063
6.664015
6.772138
10.522201
6.762152
6.772345
6.660509
10.970396
11.385539
6.737979
6.581949
6.598285
6.56067
10.260708
6.746529
6.745535
11.409155
6.60743
6.753875
6.759918
6.74812
11.502708
10.294401
9.456605
6.795155
11.408327
9.864559
6.771554
6.739405
11.73132
10.224781
6.604782
9.610083
11.45741
6.736817
6.660496
6.744981
6.730588
10.742063
6.751
6.742516
6.727986
6.640511
6.594147
6.777662
6.645167
10.789878
6.638186
6.7397
10.64243
6.72932
6.648086
6.712377
6.772736
6.745392
6.782799
6.736506
10.947271
6.739823
6.573676
6.75341
11.618238
9.285531
6.620268
6.569899
10.519925
11.753411
6.757218
10.155136
10.987368
6.725154
6.742776
6.755371
6.645574
6.72229
11.629676
6.750437
10.866737
6.733815
6.796763
6.742469
10.440618
11.406243
11.072834
6.737224
6.760038
6.756592
6.590166
6.747504
11.585152
10.954089
6.760695
6.723504
11.982703
10.197217
6.768585
6.739912
10.977066
6.726274
6.747209
11.241803
6.789911
12.341668
6.77408
11.187305
6.723611
11.85731
6.731797
6.741281
10.899088
6.781664
6.720771
6.722388
6.642602
6.77014
6.771937
6.592202
6.597858
6.756165
6.735382
6.782523
6.756624
6.640921
11.312843
10.412567
6.789017
6.73066
11.651755
6.607699
6.753558
6.602307
6.630028
6.617329
9.61262
6.604492
6.73598
6.579718
6.785165
6.590985
6.753031
11.494888
6.758255
6.623981
6.735605
11.340985
6.755639
10.031305
6.75964
11.871612
6.653536
6.764412
10.337286
11.745626
6.765797
6.602102
10.831612
12.101752
6.77235
6.761311
6.780646
6.580195
6.759019
6.653762
10.804336
12.317811
6.7978
6.736489
10.118154
6.751041
6.610955
6.760351
9.889202
6.652412
6.666099
6.82585
6.60181
12.05531
6.631311
6.753155
6.628693
12.379313
6.757492
10.560564
6.829044
11.031839
6.625675
6.75164
6.575113
6.57811
6.734806
6.67741
10.957492
6.745764
6.597926
6.732521
6.732352
6.774923
10.91735
6.651877
11.121662
10.897037
6.580627
6.774661
11.798695
6.597569
6.736545
6.745587
11.114056
10.092905
10.395978
6.640739
11.440066
6.631844
6.738502
11.362942
6.789725
10.593562
11.894936
6.754875
11.880951
10.236349
6.656633
6.668822
6.634637
6.653134
11.273198
6.591769
6.738339
6.758041
10.649654
9.875636
6.741591
6.739494
10.220927
6.642542
11.858544
6.618893
9.475209
10.498631
6.757435
6.756078
6.776552
6.774992
6.584723
6.737835
12.733002
6.784297
6.731077
6.742651
11.064467
11.952428
6.758856
11.57853
10.558528
6.788028
6.769438
10.046324
12.31365
10.974948
6.799412
6.736845
10.957292
10.861387
6.72653
6.791126
6.578244
6.725566
6.764861
6.637718
6.789727
10.852475
6.77277
6.774253
11.860603
6.590273
6.589882
6.761553
6.654763
10.675778
6.823426
6.742863
11.75813
6.754798
6.618847
6.762255
11.166864
6.630898
6.732322
6.683526
6.728649
11.182789
6.744199
6.588566
10.525528
11.403801
10.946026
6.760062
11.56367
6.768027
6.763077
6.719829
6.715841
6.746802
11.590444
6.764177
12.201192
10.958729
6.772774
6.773231
6.760711
10.427791
6.771761
11.034467
6.609797
6.719332
6.763095
6.745212
6.770507
10.419817
6.737446
6.782936
10.271779
11.439872
6.711503
11.268295
6.800329
6.594004
6.761697
11.148027
6.63646
6.770358
6.760022
10.077656
6.744875
11.116836
6.794813
6.785525
6.733753
6.783151
11.676155
6.783003
6.724149
6.741656
6.805682
10.73975
6.590965
6.78583
10.424406
10.985177
6.783369
6.755885
9.641358
6.720035
6.614373
6.602956
10.900452
11.300432
6.664238
6.750038
6.734286
6.794034
6.735315
6.70075
6.778898
12.160408
6.625274
6.742307
11.027173
6.771114
6.686271
6.752724
12.247156
6.735971
9.708553
6.749108
11.094898
6.65172
6.741367
6.807071
11.320857
11.018173
6.741794
6.564846
11.344012
11.021862
6.73361
6.660298
6.742541
11.239807
6.729063
11.58173
11.98072
6.755774
6.722978
6.574939
6.594104
11.400109
6.59367
6.757456
6.752913
6.759588
6.748205
6.751094
11.162934
6.742471
10.454064
6.732069
6.743029
11.509226
10.083574
6.767752
12.300624
10.524843
6.778781
6.739316
6.608037
9.680053
6.78988
12.235654
6.613999
6.612888
6.768975
6.742367
6.745327
6.657203
6.714177
6.622688
6.568309
11.30943
10.247848
10.651627
6.818553
6.762037
6.740285
6.604082
6.767739
6.764504
10.845024
6.737607
6.7191
6.753061
6.761191
6.72584
10.699456
6.83565
6.57774
12.250671
6.792241
6.75333
6.757559
12.288778
6.766842
6.75379
6.66953
6.560237
6.564097
6.729466
11.324864
6.650301
6.771263
6.727726
6.765665
6.641425
6.782364
6.732378
6.765808
11.524976
6.806457
6.775855
9.671854
6.587743
6.655251
6.744293
6.596265
11.386122
6.779375
6.683282
6.736033
11.712798
11.345334
6.741222
6.775029
6.72
6.763901
6.752629
10.315101
10.199952
6.76316
6.744012
10.372719
11.450223
6.743752
6.74256
6.652166
6.706182
6.753464
6.783586
11.221662
6.743387
6.759248
6.762812
11.091195
6.586168
6.763488
6.788305
11.164954
6.761457
12.065295
6.786716
6.759104
12.065371
6.779792
10.964886
6.780756
11.809185
6.765366
6.685682
10.840532
11.712831
6.790804
11.712744
6.773331
10.482515
6.773898
11.361167
6.732635
6.603251
6.740806
6.719571
6.744881
6.701811
6.764551
6.807764
6.726845
6.747644
11.168374
6.77611
6.779721
6.726072
11.972754
6.751653
6.637922
6.771349
11.299771
11.96006
6.749635
6.732397
10.786614
6.715293
6.616075
6.76881
6.784316
11.640363
6.772833
11.447148
6.764594
6.752071
6.747123
6.747657
10.113467
6.589913
11.873655
6.595926
9.792329
8.500733
11.878099
6.738291
9.981583
10.056756
6.779078
6.785283
10.030631
6.759376
6.666823
10.165205
11.094303
6.745393
6.766668
6.746738
11.546402
6.76639
6.751467
6.75592
10.525089
10.533666
6.621856
6.742828
9.2052
13.476659
6.768454
10.952577
6.711708
12.398569
6.756735
6.758487
10.532732
11.138159
6.733436
6.774874
6.627966
6.744762
6.749261
6.761833
10.525961
6.59922
6.752711
6.769662
9.299006
6.772113
6.771817
6.736038
6.750504
11.716461
6.751123
6.774577
10.834474
6.758312
6.591361
6.742009
12.114316
11.159869
11.119877
6.76806
6.711093
9.886415
6.70181
6.760745
11.164705
10.509805
6.665009
6.760172
11.125242
6.723494
10.888893
10.106522
6.750826
6.749068
6.767137
6.600155
6.602215
6.740457
11.041156
11.363828
11.911232
6.742466
11.104636
6.658551
6.680022
6.753546
6.760287
6.773745
11.387993
6.738518
10.258627
6.808734
6.75579
6.757465
11.322549
11.236451
6.743273
6.773854
6.731209
6.760158
10.451046
6.76838
6.767282
11.329914
6.630766
6.717985
10.416885
10.746436
6.774074
6.742475
11.034416
6.788409
6.76261
10.511773
6.615844
12.152367
6.703583
12.220781
6.775152
10.840448
6.773585
6.733451
9.886533
6.758275
6.80039
6.788236
6.729864
6.787272
6.728854
6.742226
10.900852
11.03776
6.769147
6.566075
6.591332
6.769149
6.735641
6.60858
9.665611
10.261779
6.751705
6.771132
11.030055
11.456592
6.784689
6.678635
11.541874
6.728541
6.767576
6.78813
6.737437
11.133694
6.750808
10.059357
6.737877
8.455568
6.773078
6.792701
6.734301
6.746251
10.932905
6.776513
11.856447
10.272233
6.549179
6.772291
6.729565
11.525693
6.772982
6.775993
10.931477
11.303317
10.476786
6.785583
6.738019
6.620997
6.773758
10.813919
6.623454
6.651881
6.604397
6.770134
6.723266
10.41173
6.788533
6.72395
6.739394
6.748451
9.485191
6.630394
6.765041
6.608491
10.445127
11.957051
6.73827
13.868151
10.124031
11.791498
6.601257
6.693444
10.995357
6.779415
6.57114
6.825819
6.76041
6.623367
6.766187
6.8258
11.185912
6.735202
6.660005
6.663673
6.753111
11.232598
6.781506
10.609558
11.932829
11.528468
10.107785
6.781763
11.925132
10.629178
6.61645
6.549451
6.752473
6.740828
6.76191
6.632779
10.744663
10.590978
6.741722
6.694316
6.7655
11.856291
6.623828
6.780322
6.74552
13.290431
11.114683
6.57491
11.091335
6.739958
6.817481
6.75091
6.747509
6.602165
6.778172
6.596896
11.853333
11.446614
6.745552
10.96989
6.745415
6.625893
6.693572
6.762128
11.861184
11.770291
10.777162
6.732188
10.096436
6.773819
6.756896
6.818036
6.74396
11.335895
10.419104
6.592777
6.773558
6.760035
6.622693
6.585442
11.013243
6.595349
10.152336
6.756374
6.612238
6.755199
6.744604
12.104129
6.768407
6.767212
8.466815
6.751627
12.382154
6.774723
11.122208
11.922497
6.580938
6.741584
6.620319
6.78293
6.582044
6.76736
6.740844
11.961971
6.755966
6.676094
11.375781
10.891683
6.800415
6.740557
6.610982
6.548858
10.61949
6.801696
10.444247
6.584403
6.657307
6.812387
9.58644
10.353182
6.760045
6.747497
6.784521
11.797895
6.752596
6.762951
12.160691
11.874958
6.735378
6.725923
11.700528
10.900308
6.739199
6.750399
6.717878
9.883697
6.741371
6.719685
6.768581
6.764127
6.760579
6.760206
11.60147
6.642441
6.753172
6.616231
6.527391
11.39816
12.010404
6.776483
9.65381
6.60521
9.32955
6.756015
11.000178
6.785325
6.775904
6.750837
11.457567
6.678295
6.733167
6.736105
11.077599
11.711815
6.734747
6.790528
11.71884
10.320802
6.747595
6.749362
11.949023
11.415802
6.630249
6.727698
9.306238
12.506512
6.607731
6.826984
10.593706
6.598702
6.725022
11.163536
11.062614
9.345486
8.804221
11.761699
6.754368
6.758844
11.255438
6.767209
6.62135
6.73197
6.592215
6.753269
6.756569
6.764909
12.42617
10.482788
6.583974
11.38615
6.655306
10.834817
6.756452
6.725208
10.809518
6.689759
6.788401
6.762496
6.775307
10.347043
10.287385
6.768106
6.650839
10.125403
6.7454
6.61025
6.69677
6.722591
6.615068
6.74363
9.586642
11.871171
6.603818
6.77957
11.07821
6.778274
6.647176
6.755721
10.19916
6.7492
11.945195
6.750203
6.616849
11.138785
6.732989
6.764601
6.741196
11.279686
6.743896
6.741167
6.904285
10.588925
6.654873
6.753726
6.766282
6.575134
6.755719
6.754196
12.314292
10.958081
6.720192
6.600518
10.879227
6.737285
6.781257
6.765852
12.003613
10.586908
10.804161
6.749964
6.632276
6.592186
6.610361
6.716968
9.549588
6.569224
6.76035
6.750125
6.77051
6.753106
6.753694
10.021436
6.751665
11.512644
6.718351
6.71819
6.752401
10.182692
11.067225
6.711572
10.329976
11.432844
6.802286
6.749872
6.786618
6.77056
6.762932
10.635717
10.470601
6.740863
12.125339
11.743757
6.62812
6.606343
6.751066
10.963556
6.763515
6.597023
6.741664
6.751601
10.73295
6.742608
6.728196
6.614926
6.754182
6.782773
12.045411
6.82507
6.75851
6.725555
6.70642
10.154129
6.75073
6.785
10.977965
6.74726
6.636117
11.541998
11.384358
10.793779
6.763535
6.583123
6.729946
6.753119
6.739017
10.84184
11.158685
11.176674
6.743582
6.74159
6.71259
12.824054
6.764224
6.750452
6.792477
10.485598
6.738478
6.723153
12.332384
6.596279
6.801281
6.736505
12.534576
6.841393
6.724358
6.770243
6.629368
10.93333
6.613197
6.769889
12.60067
10.235354
6.776505
6.760929
11.202102
11.351029
10.278107
6.794864
11.484345
6.75713
10.098179
6.80621
11.30106
10.609822
6.771726
6.768015
6.789357
11.281121
6.742666
6.75129
6.752851
11.016571
6.754894
6.785093
10.282254
10.941861
6.756128
6.759249
11.58048
6.756294
6.746804
6.759488
11.725963
6.647881
6.596606
6.756922
12.586101
12.731625
6.777766
12.210111
6.746317
6.773884
6.605779
10.311377
6.797276
10.435586
6.75033
6.602225
6.738158
6.757926
6.601785
9.825349
6.748692
10.596027
11.081232
11.283506
6.770126
6.737166
6.763401
6.679325
6.592365
6.782696
11.152179
10.463889
6.680045
6.751778
6.609285
6.753502
6.767244
6.655026
6.599777
12.357415
6.647639
6.775356
11.128741
6.768473
6.722683
6.577037
10.903778
6.75117
6.772616
6.744093
10.79522
6.758593
6.780366
6.762349
10.493493
6.764868
10.805836
6.792171
11.030036
12.032358
6.792205
6.604777
10.279311
11.0055
6.76381
10.466256
11.605095
11.275136
6.736129
6.749261
6.769794
10.095459
6.751206
10.679013
6.726364
9.933679
6.569056
6.61517
10.094711
11.461735
6.775763
6.768225
9.148365
6.771211
6.761844
6.603554
9.751653
11.126024
12.056214
6.783802
6.598495
6.757722
6.74764
6.759408
9.712311
6.766793
6.667573
6.592734
6.707428
6.792121
6.608231
6.764792
6.758193
6.6671
6.752411
6.767205
6.741298
11.587581
6.761522
6.757828
12.014803
6.796257
10.781668
6.637044
6.743828
6.795399
6.744964
10.442338
6.747166
6.566231
10.525316
11.446402
6.748473
6.600832
6.735865
11.462736
6.796716
6.747212
6.751417
11.422689
6.765262
6.788497
6.587714
6.752122
6.682831
9.850525
11.993408
6.842346
6.748062
6.612573
6.778261
6.765639
6.783122
6.784261
6.567575
6.761707
6.732204
6.624615
6.748552
11.902209
6.794231
6.78554
6.611298
10.797121
6.746338
6.63794
10.546685
6.59446
10.384349
6.710112
6.575257
10.568674
10.52908
6.806499
10.317469
11.780514
6.61848
6.766347
6.752252
6.735511
6.605477
10.873447
12.121856
10.678245
6.820463
6.783096
11.597967
6.720308
6.748144
6.728571
11.584438
6.75224
6.757535
6.765312
6.778028
6.758372
6.767063
6.728129
6.703245
10.473555
6.748281
10.160491
6.756888
11.456717
6.824991
6.744571
6.742235
6.769795
6.760522
6.771804
11.000212
6.734685
6.767933
11.142917
6.759536
6.81024
6.776643
6.761702
11.957347
10.244247
6.750353
6.760918
6.771407
6.802315
9.700083
6.614094
6.740742
6.725597
10.520743
6.740264
6.658283
10.168379
6.772478
6.763402
6.78908
6.655792
6.620871
11.821464
6.775967
6.61557
6.754056
6.772922
6.635587
6.771762
10.474592
11.851938
10.873935
6.616951
6.725542
10.750694
6.758847
6.634919
11.484418
11.201262
6.750367
6.785196
6.748804
6.80679
6.76544
11.053953
11.847158
6.746091
6.743002
6.77108
11.023724
6.773138
6.771036
6.744754
10.204199
6.755499
6.772025
6.742197
6.742105
11.791508
6.789197
6.753179
9.857441
10.772175
6.756157
11.401133
12.000292
11.288867
10.162284
6.76699
6.653779
6.77373
6.755109
10.327344
11.103241
6.747318
6.835265
6.669501
6.743082
11.98433
6.757302
6.76419
10.494537
11.079519
6.638506
6.764195
9.531452
6.752795
6.63071
6.775839
9.731525
11.492755
6.7714
6.768959
6.746717
6.775938
6.742318
6.745724
6.764576
10.138596
11.389039
6.764549
9.748018
11.97951
6.638618
6.775281
10.968232
12.217085
6.695693
6.743409
6.731709
6.604013
10.575721
10.492236
6.734521
6.743544
10.275962
6.739814
6.78825
6.775196
6.648324
11.576788
6.834601
6.76245
6.762685
6.714474
11.007388
6.618804
11.112867
6.752303
6.781967
6.718375
11.666589
6.76397
6.756903
6.722659
6.772472
6.733471
6.751913
6.761918
6.78941
10.606786
6.765128
6.791561
9.759396
10.88652
6.772518
10.986093
6.752833
11.958024
6.76456
6.739123
6.759904
11.33702
6.757626
6.761022
10.375039
6.719689
6.792013
6.726094
6.751032
11.014963
10.580959
6.770356
10.982854
6.771419
6.764828
6.743604
6.770644
6.751982
6.647154
6.720726
10.345557
11.044885
6.769207
6.747371
11.65537
11.428003
6.750952
6.670426
11.041539
11.592881
6.748071
11.755511
9.610004
6.793769
6.734178
6.75316
6.738535
9.817511
6.784438
11.003026
6.752933
10.98588
6.741304
6.783022
6.734916
11.851711
6.78512
6.768732
6.70695
6.660864
6.762747
6.78536
6.604082
12.029619
6.798938
6.748216
6.747832
6.770259
6.609317
6.778967
10.308681
6.763579
6.759801
11.06193
6.757203
6.777662
6.775878
6.762993
6.760259
6.630806
10.165413
11.121582
6.649315
10.321002
6.765585
10.567531
6.746563
6.769681
10.689768
10.834876
6.608624
6.759522
6.750921
11.129824
6.641349
6.75532
6.774905
10.561052
6.665408
6.754593
6.762072
6.748243
6.730824
6.789644
6.742694
10.907014
6.74406
6.750814
11.692825
6.761592
6.782213
6.769853
10.477921
11.862798
10.281955
6.647285
11.862653
10.979929
6.769526
6.756238
6.79088
6.777378
6.733973
6.619166
11.050911
11.289042
6.74496
6.587395
6.774585
10.403013
9.512994
6.772215
11.401118
6.766236
6.756482
6.75289
6.75885
11.359273
6.745668
6.745497
6.737627
11.491905
6.593519
11.094931
6.605749
6.753717
6.744247
6.771766
10.666972
11.84697
11.606773
6.614571
12.23053
10.05722
6.774449
6.800411
6.780338
10.92627
6.74102
6.631144
6.621181
10.505024
6.741212
6.743171
6.765552
6.74964
6.776891
6.626031
9.940577
6.639494
6.611092
6.765557
6.765726
6.611654
12.00998
6.766504
6.766511
6.753087
10.187736
6.795552
6.649703
6.779996
6.636799
6.785118
6.787621
10.743523
6.751441
6.788549
6.768503
10.409469
11.719238
11.942978
6.816169
6.782842
12.796091
6.783749
11.054149
6.741454
11.452154
6.756488
6.581099
6.653349
11.672912
6.776208
10.662538
10.614736
6.673819
6.663799
9.963874
6.743946
10.492431
6.747805
6.654397
11.163371
11.062251
6.775341
6.768088
6.787255
6.746673
6.751171
6.754522
15.260615
6.771324
6.757685
6.738397
11.659296
10.468446
6.747158
6.787034
9.074935
6.781448
6.726162
6.762484
11.750124
10.876215
11.752611
6.759981
6.596742
10.374429
6.758775
10.88145
10.760863
10.103096
6.610532
6.735712
11.088478
11.151201
6.640567
6.775658
10.447864
6.609056
6.766561
6.781062
6.775409
6.732355
6.761401
6.767317
10.371894
11.000182
6.827371
6.766945
6.75692
9.413905
6.783162
11.074003
10.803195
11.643696
6.759496
6.631834
10.340727
6.775588
6.749676
6.753121
6.801477
10.455079
10.990639
6.74536
6.718478
6.755612
6.755242
6.759684
10.241942
12.295184
6.593775
6.674922
10.439401
9.478277
6.636961
6.640731
9.677402
6.754845
12.091766
6.78891
11.29018
6.718736
11.040832
11.367413
9.664396
6.773163
6.788829
6.595946
6.774288
6.774702
6.770642
12.298404
6.776011
10.877541
10.212868
6.773901
6.773251
6.781788
11.27132
6.75009
6.567737
6.768701
10.794887
6.787038
6.738471
6.750262
12.189893
11.726709
6.752093
11.027351
11.091928
10.057449
6.758183
6.749536
6.735527
11.163267
11.031579
6.730602
9.818237
6.789149
6.60315
6.748514
6.738446
10.29922
6.738094
6.760082
6.649983
6.735405
6.784162
12.644104
11.712222
6.784596
6.748858
6.749549
6.726052
10.426769
6.778228
6.752283
11.456242
10.944311
10.647996
6.813679
6.738258
9.976822
6.820705
6.606463
6.752456
6.764542
6.748131
6.72998
6.74142
6.815244
6.609029
6.798004
12.317723
6.61127
6.767516
10.461393
6.676297
6.762586
6.746688
6.647502
10.314688
6.759173
6.759324
6.75306
10.955259
11.618242
6.743509
6.750072
6.613736
6.746311
6.657268
6.761174
11.498009
10.86823
6.629299
10.913057
10.096479
10.598518
10.631162
12.133712
6.75977
6.597282
12.085733
6.786268
6.74388
10.973151
11.2156
11.518896
6.783886
6.639333
10.084316
10.570906
6.723743
6.757306
6.634886
6.748833
6.736886
6.764611
6.75092
10.823028
6.763471
6.677327
11.682917
6.620003
6.769664
6.750007
6.791394
10.634597
6.629054
6.787549
11.078631
6.589937
6.784045
6.635168
11.424014
6.743318
11.262707
6.661
6.760004
9.820696
6.755834
6.605204
11.958355
10.291501
6.616308
6.652731
10.786157
6.755811
6.768916
6.810373
6.5975
6.773996
6.761388
9.975332
11.523525
11.249628
6.76495
11.249149
6.787586
10.057619
6.790444
6.744896
6.759578
6.790956
6.662811
6.797423
6.82762
8.086623
6.64293
6.750225
10.213692
10.866826
6.71589
6.771099
10.509363
11.096583
6.777508
6.655347
6.588096
12.136401
6.762543
6.776618
6.78962
6.774099
6.753086
6.749405
6.726818
11.324373
6.7584
6.788836
10.940943
6.768359
6.78928
6.758342
11.391232
6.746326
11.370272
6.763083
10.806407
6.757572
10.618568
6.758873
6.627541
6.813027
6.78043
6.751067
6.761842
6.7603
6.757008
10.9051
6.587104
6.756852
6.736258
6.629356
6.629229
6.60899
12.054232
11.277997
6.764604
6.751821
10.862863
10.968285
6.782314
6.763926
11.149748
6.734325
6.764955
6.709885
9.66872
11.840663
6.748302
6.770121
6.752176
10.40366
6.766066
6.752061
6.674756
10.7116
8.144959
6.75944
6.775463
11.65389
6.771264
6.602607
11.167593
10.646412
6.745203
6.604465
10.137621
11.873789
6.725777
11.045534
10.100874
11.782835
6.765529
6.754945
6.767852
6.766595
6.77503
6.768044
12.251586
6.759991
6.749506
6.795493
6.764214
11.100636
6.728325
6.757204
10.174252
10.76225
6.777624
6.735648
6.78714
12.459492
6.665935
6.75064
6.724314
6.749744
6.622175
6.751241
9.972724
11.970175
6.764673
6.750426
12.206434
6.794379
6.829908
9.888931
6.570163
6.755352
6.730636
6.782385
6.761419
6.739717
6.764013
6.755103
6.642704
11.589274
6.796584
6.78876
6.794737
10.95635
6.663741
10.836664
6.76898
6.652827
10.016183
10.332409
6.743152
6.67828
6.660082
10.392787
6.731409
6.767695
6.74267
10.838935
6.757521
6.77452
6.754662
6.735772
6.743659
6.731537
6.710523
11.846081
6.587265
11.83357
11.416805
11.999689
6.74542
6.766402
11.650305
12.026292
6.741675
6.762269
11.999209
6.74709
6.730039
6.775827
11.469655
6.744934
6.761469
6.582397
6.618299
12.672311
6.759538
6.762562
12.111553
6.781786
6.768979
6.751466
6.788826
6.797591
11.291171
6.585706
6.7686
6.770067
6.80942
6.74502
12.439849
11.337561
6.76767
10.33608
10.254336
6.717058
6.591828
6.709968
12.250189
6.783184
6.751749
11.56823
6.757162
6.779846
6.621888
6.754277
6.749035
11.97286
6.747556
6.622245
6.661657
6.769007
6.731712
6.802056
11.630243
12.539317
10.802026
6.735499
6.59783
12.192113
10.799997
6.605357
11.910305
10.484672
6.790016
6.590629
6.626714
6.653122
6.759352
11.324179
10.900532
6.758797
6.806489
6.761065
11.194312
6.63828
6.73934
11.672436
6.724106
11.205116
9.508178
6.699084
6.775972
6.76367
6.757423
6.613252
11.077422
6.735376
11.541813
6.779245
6.747421
6.73508
6.782914
11.074563
12.229201
6.608241
10.65019
10.677812
6.756458
6.574938
10.596624
11.961949
6.619539
6.757347
6.771388
6.762905
6.739418
6.759179
11.733563
11.672868
6.719052
6.760159
6.779714
11.39117
6.742768
6.625436
6.770335
10.644084
6.794013
6.752137
9.547519
6.760883
6.754458
6.759782
6.756636
6.752723
6.738238
6.772114
11.489037
10.834482
9.748016
7.211028
6.767594
6.685699
6.754631
6.777796
11.613175
10.245164
6.770178
6.766563
10.819323
6.756774
6.770573
6.791301
6.754204
11.277312
6.603923
6.772585
6.752652
6.774912
6.735055
6.67333
10.979869
6.733589
6.794703
6.741729
11.383857
6.75842
10.266874
6.746752
6.750196
6.772087
6.772732
6.747197
6.757068
10.609975
6.765743
6.643042
9.787729
11.582902
6.77424
10.864938
6.72018
10.906008
6.767813
11.48281
6.756298
12.798881
6.660979
10.263605
6.735237
11.073205
6.768685
6.746273
6.754679
6.734842
6.774633
11.567136
6.752303
6.742827
10.168109
11.528945
6.737681
6.769789
9.843441
6.638728
6.770251
6.741946
6.611843
9.285444
6.801726
6.792297
6.601361
12.154598
6.766684
6.762893
11.569523
6.793422
6.755264
6.724634
6.753003
6.778373
6.74185
6.747077
11.724264
11.662526
10.159091
6.766719
6.72268
6.763736
6.630945
6.566367
8.761597
11.078311
10.627084
6.712375
11.873439
12.02702
6.793474
6.791793
10.242398
6.737636
6.556123
6.755303
6.693579
10.117529
11.389594
6.791525
6.759406
12.695037
6.772418
6.748007
6.796983
6.752691
6.750084
6.771617
11.35119
9.351991
6.656999
11.181516
6.763341
9.57741
6.770862
11.851968
10.932851
11.168902
6.741419
6.731555
10.334917
6.786273
6.766182
6.621472
6.759067
10.892703
6.745139
6.759025
6.760664
6.628298
6.812349
6.734639
6.707403
9.98879
6.727758
6.828526
10.955461
9.853283
6.557975
6.777324
11.394571
6.637426
6.756358
6.741652
6.745847
11.27597
10.082899
9.064892
6.593755
6.753554
6.759483
6.798156
6.647708
6.750839
6.816844
11.002571
6.744011
6.596699
6.614774
6.738739
6.61342
6.727047
11.753135
6.781536
6.752142
6.756565
11.168372
6.770276
10.706133
6.768456
6.734053
6.759157
6.7934
6.591279
6.65498
10.960233
6.750918
6.793208
6.746874
10.370601
6.588291
6.739509
11.182049
10.660662
6.76201
6.669032
6.760549
6.72516
6.73861
6.753981
11.287291
10.889544
6.746663
10.329
11.685991
6.787842
6.621607
6.739346
6.793646
10.906021
11.844732
6.767088
11.032432
6.763832
11.041542
6.776299
9.976637
6.572567
6.775218
6.590654
6.760142
6.597141
6.745627
10.93943
6.762465
6.612045
6.587537
6.589956
6.75415
11.814711
6.730748
6.752384
6.745702
6.750405
6.750718
6.753215
11.578791
6.772868
6.774829
11.357413
10.932267
6.759005
6.749879
6.736815
11.394954
10.384167
6.74816
6.580872
10.532849
6.777795
6.732099
6.589268
6.723196
9.796052
6.742984
6.763543
10.893301
11.004256
11.667419
6.663893
6.771649
6.769711
12.114515
11.14601
6.707165
6.748194
11.491311
10.654993
6.757978
6.67893
6.755236
6.779545
6.762094
10.652508
11.722012
10.610549
6.751409
10.710553
6.62318
12.440933
6.773971
6.777375
6.763319
9.756385
6.751601
6.680136
12.27583
6.777468
6.724694
6.671216
11.727827
10.047609
11.696392
6.783519
10.265751
9.695368
6.664371
6.759726
6.789413
9.850376
6.740607
6.754574
6.624887
6.773037
6.807054
6.757454
6.772252
12.305946
6.765053
6.751185
10.467191
6.721186
6.595548
6.764013
6.626288
6.778038
6.767099
12.256916
11.241804
6.613472
6.753719
6.623883
6.764356
11.186656
10.803962
6.76722
11.350313
12.187609
6.608286
6.737703
10.041514
10.687657
6.780373
6.751102
11.265618
11.691271
6.741611
11.615813
6.64584
6.683002
6.777138
6.754539
13.143732
6.77198
6.746594
6.76447
11.109666
6.767848
6.764872
6.750738
6.739017
9.69624
10.978827
6.754047
10.026453
11.04075
6.754366
6.61536
6.769613
6.76246
10.728103
6.608866
8.770412
6.748989
6.614093
10.095842
9.034408
6.763847
11.659408
11.295064
6.754072
10.792414
11.943605
10.621235
6.738064
6.764969
6.722878
6.757595
6.571569
6.777084
12.619958
6.712229
6.600622
6.753934
6.772355
10.501154
6.556626
6.74424
10.366717
6.762348
6.751515
6.77425
6.652929
10.545794
6.72956
12.409787
6.779286
6.744546
6.759715
6.772843
11.913384
10.551761
6.729591
6.60218
10.309158
6.656983
6.785854
12.392129
6.768124
6.769193
6.715872
6.583961
6.763564
6.724584
6.768749
6.756455
11.028454
6.749388
6.611813
6.758838
11.798307
11.492772
10.453966
6.75099
6.767563
10.796609
6.648589
6.730071
10.971411
11.437653
6.657734
6.762977
11.412386
11.659295
10.625014
6.795844
11.671465
6.620966
6.748175
12.074201
11.803042
11.179492
6.78039
6.740357
6.742509
11.686859
6.584776
6.590314
10.891471
6.636814
6.750182
6.717565
6.681409
11.192723
6.651903
6.591005
6.681468
10.507159
6.774466
6.753901
6.775579
6.63132
6.748694
6.75447
6.767587
6.777476
10.315061
12.50491
6.763142
6.606858
6.764613
11.96503
6.778113
11.313094
11.348526
6.775121
6.759724
6.567164
6.742397
11.817976
6.604087
6.759732
6.753425
11.438349
6.765468
6.678252
6.626392
6.728164
6.758302
6.757611
9.185592
10.956204
6.770693
6.769565
11.490333
10.041474
6.772552
6.760573
9.850594
6.743378
11.275521
6.773643
6.795277
10.871399
6.789716
6.753719
10.428361
11.172299
6.741989
6.751125
6.752694
10.698378
6.804567
6.79722
6.754215
6.746971
6.771251
6.587701
11.321444
9.64156
6.797128
6.747931
11.075614
6.725477
6.777777
6.784877
9.962249
11.213768
10.626624
6.788054
6.738971
9.469663
6.800503
11.019053
6.772136
11.187727
6.768195
6.80052
6.774263
6.730048
6.592463
11.157362
6.776912
10.942293
10.290472
6.768919
6.748564
9.016696
6.758858
6.771101
12.844339
11.954522
6.767839
6.746658
6.749484
6.60668
6.563854
6.763951
10.822532
6.758737
6.75858
6.633504
11.917313
6.604803
6.645839
11.19239
6.683326
6.611972
6.760765
6.751029
6.696543
6.650093
6.801992
6.777389
6.640289
6.572357
9.800854
6.616628
6.745438
6.766929
6.808834
11.537302
6.591973
6.765161
10.680679
6.62204
6.654872
6.786298
9.717209
10.617734
6.778611
6.763546
6.58264
6.766324
6.715911
6.760395
9.737411
10.882777
6.767488
11.327388
10.999148
10.861994
6.772001
6.59518
6.597535
12.256145
6.754321
6.771103
6.620885
11.963056
6.821566
6.609325
6.765554
6.773161
6.755553
6.619942
6.774396
11.77357
6.790676
6.599922
11.08935
11.035736
11.329755
6.781714
11.554962
10.598594
6.760254
6.777068
11.780975
6.592224
11.20718
6.785257
11.232672
10.31828
11.226542
6.762319
6.770303
6.766077
6.753174
6.767542
6.759251
11.830905
6.727515
6.730006
12.257293
11.43965
6.752549
6.757392
11.048996
6.816795
6.755455
10.398071
12.453738
6.752367
6.7623
6.760877
11.809046
11.014336
6.780478
10.552297
11.416762
11.776405
6.681798
6.792319
6.621325
11.476389
6.749176
9.943483
6.609138
6.765549
6.762432
6.578425
6.746072
6.642391
10.157175
10.699166
6.779278
6.759184
9.697523
6.573362
6.770155
6.741217
6.617195
11.849629
11.188398
6.788922
6.813477
11.610479
6.656037
6.743011
6.774245
6.772962
6.777694
6.766325
11.285724
11.746794
6.639609
11.826683
10.359738
9.115512
12.47442
6.806303
10.044633
9.574215
6.741365
6.65322
9.787403
6.765307
6.770173
6.735437
6.718335
10.984286
6.744566
6.710609
6.790066
6.75006
6.791921
6.738932
6.78018
8.460479
6.766259
6.771821
9.594502
6.762888
6.777966
11.675783
6.772118
6.77488
6.745665
6.7253
11.103265
6.768312
6.747039
6.76426
11.140537
10.92413
6.646441
11.423594
12.141467
10.367405
6.744184
6.759748
11.734888
6.764013
6.613754
6.732233
6.772241
6.614269
10.537866
6.642446
11.32709
6.75798
6.73045
6.676393
10.666508
12.471805
6.820629
10.646161
6.708923
6.569439
6.743698
6.66408
10.840953
12.11939
6.748771
6.731543
12.477681
11.909847
10.361995
10.036367
6.810919
6.758676
6.776238
11.591108
6.746776
6.634011
11.008675
12.918086
6.771482
6.741196
10.719823
6.647759
6.77303
6.83114
6.74249
11.910408
11.62527
6.805045
11.039548
6.595026
11.627308
6.761914
11.461607
6.580385
6.765202
10.913702
6.794115
6.743999
6.660226
6.747759
6.730575
11.344175
6.578708
6.728794
10.020623
11.149539
6.821252
6.617555
6.763827
6.756119
6.671647
6.758387
11.036848
6.598978
6.756097
10.886291
10.18884
6.756083
6.727038
6.618788
6.774297
10.236675
6.612164
6.762364
10.527326
6.615991
11.935998
6.790328
10.983199
6.762424
6.627117
6.765434
6.581884
6.667024
6.772585
6.794991
11.660615
6.749539
6.584049
6.616847
9.966752
12.028029
6.763697
6.591919
10.331208
6.768121
11.837467
6.744897
6.624641
10.846867
6.586701
6.747703
10.501445
12.58304
6.644661
11.572882
6.769957
12.190197
6.753078
6.759635
10.773774
9.818336
6.767878
11.843746
11.803511
9.987868
6.597028
6.685841
6.752134
11.802123
11.448747
6.749921
6.744224
11.136444
6.73736
6.764733
6.735408
6.746321
6.732443
11.414696
6.59938
6.606766
6.754148
6.788023
6.575503
6.765414
11.442488
11.392078
11.43445
6.761687
10.687394
12.17336
6.610102
6.775519
11.355586
12.535752
6.612808
6.770878
6.75696
6.634145
6.757031
11.237215
11.617763
6.740407
6.66955
6.775327
10.336191
6.589633
6.737447
6.668921
11.652262
6.781504
6.740905
6.760655
6.595555
6.757799
6.635722
6.758007
6.786684
6.744363
6.606116
6.59503
11.924243
11.074665
9.988668
6.77257
6.730916
6.772181
6.641949
6.610264
10.901411
6.760439
6.653687
6.684595
6.77106
11.572586
6.768109
6.669238
9.941005
10.89681
6.643044
6.6107
6.754879
11.71245
6.74912
6.65333
6.797584
11.537131
6.785854
6.769204
6.631004
6.727198
6.748006
6.757014
6.749601
10.68372
