2.844399
3.213062
2.798485
2.849623
2.821239
2.81564
2.818883
2.830843
2.810538
2.83002
3.154203
2.840412
2.824205
2.84129
2.95634
2.822377
2.828237
2.823237
3.447157
2.821935
2.827012
2.822591
2.817928
3.482985
2.819653
2.826581
3.311155
2.81788
2.809898
3.258869
2.83697
2.855907
2.808852
2.835189
3.416168
2.832327
2.820914
2.827057
3.250132
2.824622
2.832372
2.830418
2.817622
2.832893
2.820831
2.828878
2.820664
2.831101
2.816494
2.808757
2.810152
2.833343
2.83502
2.832149
2.833091
2.827435
2.870433
2.822598
2.841099
2.820592
2.838385
2.82302
2.822085
2.815224
3.328643
3.400673
2.820843
2.838181
2.832727
2.811822
2.834676
2.835456
2.804061
2.837226
2.845785
2.828082
3.372071
2.826869
2.835158
3.177252
2.836968
2.830264
2.823916
2.825223
2.832651
2.821432
2.812647
2.838768
2.836043
2.819529
2.830058
2.860582
2.816627
3.488273
2.825959
2.81682
3.328768
2.817019
2.815088
2.815794
3.2842
2.819883
2.847163
2.823835
3.178172
2.827603
2.822438
2.822998
2.817022
2.839682
2.834803
2.819804
2.844577
2.828128
2.826059
2.810986
2.830856
2.827482
2.849918
2.829497
3.340054
2.820973
2.819283
2.811647
3.228516
2.836091
2.828133
2.832641
2.833652
2.820565
2.812943
2.821152
2.8252
2.818162
2.825882
2.833254
2.807186
2.816469
2.844501
2.825766
2.827965
2.838988
2.830242
2.812519
2.819426
2.812463
2.813415
2.833271
2.82131
2.825466
3.482267
2.834971
2.830188
2.818437
2.825519
2.817066
2.851146
2.836971
2.82258
2.846332
3.116715
2.814821
2.836797
2.851181
3.139964
2.827576
2.833155
2.841983
3.240674
2.823491
2.843285
2.842519
2.817385
2.826317
2.834764
2.829713
2.822344
2.823395
3.396065
3.410986
2.845609
2.823244
2.841545
3.376102
2.856204
2.837501
2.822862
2.842623
2.864762
2.828278
2.841423
2.827482
2.826544
3.283159
2.831493
2.819663
2.824881
2.820861
2.828275
3.437189
2.824875
2.80677
2.832449
2.829922
2.828022
2.830668
2.831427
2.838678
2.809204
2.81461
2.825833
2.822691
2.831349
2.824965
2.816092
2.825859
3.437357
2.846097
2.820321
2.829011
2.811949
3.240396
2.827395
2.835632
2.824897
2.829448
2.838094
2.848878
2.849869
2.809078
2.833365
2.874817
2.823175
2.862155
3.137892
2.859607
2.800336
2.861766
2.813283
2.813431
2.816562
3.273063
3.33845
2.82499
2.842379
2.828772
3.552975
2.832911
2.815533
2.837101
2.836188
2.81943
2.824209
2.820017
2.821244
2.835705
2.840758
2.823889
2.820522
2.836551
2.831181
2.812768
2.837463
2.827812
2.832119
2.835525
2.803451
2.824132
2.827573
2.818859
2.821307
2.822057
2.811039
2.825495
3.371414
2.82728
2.831705
2.83489
2.827793
2.841286
3.537115
2.83844
2.835214
2.825089
2.81714
2.824195
3.325069
2.834402
2.830888
2.820038
3.347395
2.832997
2.841453
2.850667
3.12545
2.850698
2.819811
2.810495
2.826928
2.82198
2.82245
2.841027
2.835873
2.84357
2.821325
3.374709
2.803375
2.8234
2.820192
3.428994
2.812212
2.859314
2.821822
2.839073
3.192699
2.861354
2.832234
2.838427
2.843879
2.814379
2.828949
2.825623
2.828485
2.827301
2.837466
2.843103
2.834922
2.821981
2.818081
2.831756
2.827772
2.81904
2.810015
2.835196
2.826915
2.829704
2.826816
2.848336
3.323741
2.829364
2.825685
2.819599
3.219351
2.83418
2.823624
2.833767
2.838296
2.825935
2.839137
2.833185
2.812295
2.838827
2.820317
2.832111
2.868517
2.835496
2.824509
2.868222
2.833049
2.823774
2.837951
2.822449
2.831927
2.83847
2.818032
3.420196
2.83454
2.830488
2.815302
2.844708
2.819172
2.829149
2.81671
2.825346
2.811167
2.815112
2.836297
3.258864
3.137395
2.830956
2.836218
2.848844
2.84052
2.821741
2.834802
2.842859
2.831365
2.84899
2.81411
2.817005
3.341258
3.345954
2.831277
2.834035
2.844788
2.806233
2.817965
2.866223
2.823856
2.826093
2.854454
2.850166
2.826903
2.835011
2.815397
2.817385
2.848986
2.8367
2.840937
2.851642
2.835179
3.229858
2.840026
2.834044
2.835603
2.831653
2.816572
2.810584
2.809436
2.814403
2.833609
2.826407
2.828273
2.825806
3.379168
2.821297
2.818498
2.8334
2.8327
2.852733
2.825353
2.830008
2.85291
3.295381
2.81935
3.092562
2.83772
2.814375
2.868219
2.822195
2.827113
2.81683
2.83192
2.83339
2.828286
2.836661
2.825823
2.820462
2.833797
2.840227
2.817166
2.818727
2.853908
2.818321
3.394699
2.842502
2.866014
2.818249
2.825265
2.856292
2.823256
2.822158
2.83705
2.845384
3.20064
2.820528
2.839702
2.829237
3.398329
2.821586
2.832183
3.405272
3.282171
2.834745
2.842635
2.824922
2.829696
2.824517
2.821718
2.802646
2.833761
2.862367
2.824352
2.81733
2.806038
2.807317
2.82101
2.818377
2.816865
2.820204
2.823257
2.821499
3.387052
3.461033
2.835692
2.831156
2.8412
2.824795
2.84745
2.819082
2.823712
2.817286
2.829655
3.196094
2.810681
2.817901
2.82325
2.806875
2.809537
2.822074
2.836685
2.831398
3.36332
2.82042
2.822676
2.832546
2.823084
2.818407
2.819982
2.837711
3.449233
2.823699
2.80452
2.838744
3.175203
2.824995
2.8296
2.821963
2.825858
2.841328
2.828428
2.831417
2.826003
2.814268
2.830933
2.810865
2.827064
2.817962
2.820722
3.264406
3.298392
2.829372
2.827218
2.840287
2.817262
2.817088
2.832317
2.829138
2.814468
2.821042
2.83905
2.828977
2.828171
2.823878
2.836105
2.850044
2.866725
3.161039
2.822978
2.824337
2.811847
2.826958
2.83158
2.809118
3.360075
2.831487
2.820065
2.836089
3.371424
3.440928
2.834247
2.814839
3.267042
2.828232
3.274531
2.839166
2.824922
2.807896
2.839497
2.831678
2.829927
2.81157
2.826705
2.819866
2.811165
2.845145
2.828275
2.831673
2.820799
2.864179
2.833519
2.820538
2.828798
2.844413
2.821139
2.836583
2.82836
2.838356
2.815294
2.812782
2.834357
2.817072
3.149583
2.811969
2.830688
2.827231
2.827972
2.833367
2.824589
2.816683
3.366212
2.833062
2.824016
2.827405
2.818356
2.817968
2.82316
2.83432
3.413124
2.818937
2.833179
3.384584
3.143279
2.842318
2.827629
2.826083
3.440984
2.808899
2.806209
2.825264
2.849184
2.835305
2.804306
3.176749
2.839257
2.804626
2.837429
2.832514
2.847208
2.831013
2.820137
2.850141
2.842837
2.831133
2.815862
2.837775
2.862124
2.843832
2.805238
2.818005
3.302427
3.374112
2.819609
2.807867
2.836553
2.829699
2.836767
2.811957
2.830051
2.829639
2.842205
2.825071
2.821078
2.844275
2.82752
2.82719
3.071558
2.841132
2.82805
2.81875
3.122642
2.814078
2.827919
2.830938
2.851236
2.811426
2.82342
2.837433
3.204203
2.824678
2.859383
2.820592
2.820146
2.82173
2.849456
2.819031
2.822304
3.344166
2.830694
2.818132
2.826209
2.85513
2.822078
2.84322
2.836501
2.843341
2.864146
3.350399
3.343282
2.836697
2.835634
2.850317
2.819652
2.850553
2.834972
2.851264
2.804547
2.827015
2.837014
2.831307
2.832508
2.813003
2.823235
2.828685
2.820713
2.821155
2.816759
2.815728
3.217395
3.575796
2.809953
2.832751
3.333374
2.81921
2.826427
2.829156
3.289371
2.85062
2.809583
2.822611
2.832574
2.826471
2.822421
2.849208
2.823478
2.819063
3.298659
2.830977
2.843811
2.827653
2.811418
2.814116
2.823876
2.832174
2.878193
2.821873
2.829738
2.825556
3.433759
2.844816
2.824123
2.836884
2.823101
2.826477
2.822486
2.817612
2.82218
2.834143
2.820055
2.816935
2.825855
2.828878
2.81859
2.846878
2.825871
2.814199
2.850886
2.826779
2.814358
2.823294
2.832158
2.827387
2.816699
2.862928
2.808658
2.809301
3.232311
2.827225
2.821993
2.816734
3.382879
3.40337
2.820591
2.818577
2.799921
2.824522
2.817388
2.827255
3.292494
2.828559
2.813805
2.829196
3.480379
2.828086
2.821927
2.832133
3.221766
2.852712
2.831381
2.83464
3.114079
2.825729
3.394245
2.858263
3.448627
2.828454
2.816543
2.834749
2.838185
2.832733
2.822818
2.864523
2.828347
2.835768
2.826246
2.820252
2.816124
2.811778
2.835657
2.811577
2.829713
2.839555
2.834393
2.8424
2.836587
2.853185
2.8254
3.443812
3.274672
2.813047
2.854299
2.831642
3.396967
2.846868
2.832085
2.82158
2.85372
2.838269
2.812903
3.258275
2.821983
2.841048
2.812752
3.36551
3.324981
2.825488
2.819044
2.838114
2.818667
2.826692
2.822787
2.834395
2.851119
2.826533
3.157368
2.840537
2.843719
2.832147
3.399828
2.81359
2.838042
2.846057
3.21777
2.828619
2.829706
2.817662
2.813094
2.833543
2.813847
2.82843
2.826323
2.83446
3.440504
2.834566
2.850518
2.822623
2.817822
2.81772
2.81166
2.831023
2.82319
2.821193
2.815688
2.832246
2.830664
2.847446
2.842006
2.810769
2.841451
2.852627
2.835179
2.830809
2.826753
2.832328
2.82038
2.821671
2.866121
2.82706
3.247775
2.856704
2.828044
2.817982
3.133309
2.828882
2.816423
2.829525
2.857687
2.827578
2.825395
2.838977
2.837073
2.834278
2.830652
2.859359
2.829393
2.829204
2.832289
2.809507
3.212766
2.841276
2.82955
2.828397
3.430032
2.844342
2.815052
2.820502
3.264425
2.82877
2.808192
3.336927
2.846449
2.829795
2.843374
2.825503
2.823558
2.845149
2.83052
2.814007
2.825889
2.837413
2.822272
2.820634
2.822811
3.326234
2.845891
2.826582
3.413101
2.84778
2.818506
2.828158
2.821303
2.828479
2.826556
2.848491
2.823025
2.808185
2.824845
3.149453
3.520039
2.830095
2.8442
2.835478
3.117954
2.81469
2.826605
2.832588
3.276086
2.824907
2.813086
2.833031
2.839479
2.848518
2.816283
2.823866
3.30901
2.817397
2.818968
2.831722
2.82549
3.397899
2.827391
2.834487
2.82639
2.818313
2.817341
2.836173
2.841496
2.818892
2.840639
2.823372
2.84399
2.818126
2.834864
2.849173
3.475896
2.813423
2.83002
2.816132
2.847648
2.810778
2.823677
2.851361
3.30217
2.853053
3.138947
2.826999
2.844853
2.824269
3.27781
2.815771
2.828781
2.849508
3.418258
2.835339
2.833919
2.822399
2.854792
2.837616
2.811872
2.8453
2.830506
3.279593
2.869499
2.822519
2.834036
2.821371
2.82922
2.822722
2.81481
2.822966
2.826526
2.824182
3.295104
2.832099
2.830865
3.375397
3.370877
2.844413
2.846908
2.810436
3.337829
2.838882
2.824782
2.818846
2.825369
2.834061
2.829149
2.828147
3.362104
2.826563
2.822683
2.846501
3.404862
2.806607
2.825697
2.834437
2.823562
2.815274
2.823152
2.821847
2.827047
2.812714
2.813692
2.835264
2.823391
2.831386
2.833102
2.838202
2.839834
2.807422
2.81188
2.835632
2.837125
2.834951
2.835215
2.821416
2.822711
2.836274
2.818134
2.834067
2.818003
2.824494
2.830422
2.830484
3.366549
2.819092
2.856102
2.83128
2.835993
2.824496
2.853611
2.830332
2.808835
2.829966
2.83239
2.873474
3.486251
2.835174
2.827991
2.820398
2.818963
2.825744
2.821188
2.821132
2.824458
2.832006
3.424174
2.809387
3.291528
2.853008
2.823158
2.831993
2.828656
2.829455
2.822308
3.460703
2.828136
2.831348
2.82863
3.079621
2.822932
3.268926
2.813896
2.829657
2.825617
2.822767
2.836311
2.823816
2.817914
2.819738
2.811631
2.824973
2.825682
2.825285
2.841148
2.819519
2.82475
2.833177
2.821769
2.823782
2.842797
2.839126
2.823377
2.816633
3.270407
2.823216
2.828794
2.8448
2.809119
3.316951
2.856844
2.832676
3.302918
2.826665
2.864039
2.81264
2.851174
2.830326
2.82468
2.834716
2.812372
2.843995
2.826694
2.813526
2.810208
2.844704
2.824297
2.8518
2.824211
2.837379
2.831219
2.843925
2.845423
2.835312
3.347769
2.827886
2.810912
2.82115
3.123445
2.828505
2.839177
2.820218
3.11018
2.825413
2.821412
2.830496
2.821703
2.81593
2.857282
3.200441
2.827014
2.827823
2.82495
2.819124
2.808461
2.825207
2.830616
2.851976
2.83346
3.379281
2.856347
2.847934
3.017694
2.822928
2.852654
2.827517
2.822588
2.819685
2.832569
2.851247
2.814344
2.841067
2.810829
2.822678
3.308023
2.828439
2.826234
2.825207
2.825182
2.819811
2.813458
2.838564
2.81445
2.835591
2.824336
2.827085
3.376207
2.842969
2.85116
2.815772
2.811147
2.857862
2.826256
2.814555
2.861577
2.869131
2.823038
2.816417
2.813183
2.824753
2.81633
2.825236
2.834334
2.835751
2.827169
2.852248
2.831344
2.817784
2.827636
2.850005
2.82097
2.824524
2.827973
2.809631
3.342615
2.839
2.820712
3.459213
2.820508
2.844712
2.808539
2.827152
2.815132
2.817918
2.808186
2.815035
3.032258
2.842517
2.817766
2.847813
3.512043
2.80771
2.822946
2.832587
3.287963
2.810407
2.836669
2.837382
2.8207
2.823302
2.865082
2.836673
2.817287
2.825549
2.833525
2.826577
2.826336
2.841458
2.836603
2.822776
2.830685
2.824116
2.830522
2.829957
2.827768
2.82591
2.826555
2.825391
3.187556
2.826474
3.352063
2.830094
2.848962
2.824499
2.822984
2.821986
2.821065
2.822735
2.823618
2.851251
2.843631
2.840002
2.816352
2.835785
3.226765
2.824701
2.834694
3.228359
2.827978
2.818574
2.82896
2.825291
3.319977
2.841724
2.816286
2.836844
3.347739
2.823367
2.861107
2.845016
2.836114
2.860886
2.830897
2.842405
2.838868
2.814261
2.82341
2.829348
2.838362
3.28592
2.818225
2.834158
2.830047
2.841132
2.837291
2.819052
2.83011
3.384908
2.827991
2.824255
2.822336
2.829466
3.427684
2.824712
2.861922
2.819637
2.823097
2.829749
2.826876
2.831715
2.83365
2.829588
2.839614
3.503203
3.49341
2.827687
2.829512
2.848786
2.838782
2.830845
2.829036
3.255977
2.816447
2.825046
2.840655
3.434115
2.8601
2.840503
2.852757
2.825011
2.828025
3.084319
2.828629
2.824452
2.848306
2.824779
2.819494
2.827522
2.833602
2.82775
2.839666
2.824778
2.845446
2.837526
2.814983
2.829414
2.83908
2.823017
2.833845
2.814291
2.807004
2.82973
2.824304
2.801309
3.527355
2.831244
2.818372
2.812341
2.833505
2.827692
2.825301
2.829233
3.216928
2.808196
2.808473
2.827598
2.816838
2.825363
2.838273
2.834008
2.807976
2.814216
2.819566
2.832013
2.819477
2.828691
2.824796
3.373833
2.828923
2.820564
2.836253
3.316575
2.8338
2.826541
2.823567
2.814755
2.837138
2.820384
2.838769
2.815696
2.836591
2.837598
2.817776
2.828186
2.862582
2.830213
2.835067
2.814995
3.308272
3.363187
2.820221
2.837433
3.318767
2.826267
2.851159
2.852894
3.40326
2.826269
2.816206
2.799901
3.270882
2.819405
2.842187
2.810021
2.808903
2.817898
3.27096
2.832155
2.829145
2.829046
2.815063
2.833532
2.82693
2.82477
2.816941
2.812297
3.316323
2.81645
2.827269
2.829114
2.825014
2.837987
2.843427
2.862361
2.81694
2.834452
2.839714
3.298056
2.832781
2.855369
2.830322
2.82619
2.825695
2.82165
2.848003
2.839895
2.838807
2.837543
2.82406
2.828227
2.829766
2.819115
2.8084
2.818249
3.321667
2.847327
2.805347
2.822367
2.804107
3.307776
2.8362
2.823642
2.817714
2.836587
2.826674
2.847827
2.834143
2.82425
2.822061
3.393425
2.811843
2.833763
2.82917
2.82726
2.842314
2.833893
2.819476
2.821277
2.823145
3.324744
3.19954
2.831098
2.823089
2.822759
2.813014
2.828946
2.825025
2.823402
2.829343
2.824454
2.832252
2.828389
2.824352
2.811972
2.826516
2.824273
2.817665
3.281437
2.827419
2.825658
2.824746
2.803574
2.832565
2.817585
2.844904
2.825419
2.822466
3.292061
2.834833
2.836074
2.821221
2.832173
2.855864
2.826351
2.822717
2.829428
2.811528
2.825924
2.832125
2.837854
2.813718
2.830294
2.8337
2.816445
3.353176
2.847315
2.849782
2.818044
3.38057
2.841911
2.818083
2.812238
3.341396
2.8225
2.829317
2.816254
2.870927
2.81907
2.811413
2.833394
2.850553
2.822103
2.819353
3.420712
2.835916
2.83521
2.814733
2.834686
2.81299
2.83641
2.832902
2.826315
2.830381
2.828637
2.819258
2.829743
2.803096
2.821071
2.83108
2.823653
2.822947
2.828964
2.825597
2.85264
2.826924
2.816239
2.859392
2.829588
3.370362
2.823702
2.834489
2.845959
2.848471
2.845367
2.83103
2.82165
3.468476
2.838161
2.829227
2.835067
3.316464
2.81393
2.842486
2.863239
2.843512
2.819403
2.830093
2.813483
2.820348
2.815679
2.858795
2.843845
2.823245
2.824792
2.817374
2.805552
3.232318
2.815326
2.828171
2.826592
2.825278
2.81783
2.827538
2.824419
2.816175
2.833315
2.840616
2.809999
2.821684
2.83967
2.835572
2.820691
2.821625
2.820298
3.24426
2.831614
3.447682
2.816498
2.816467
2.840229
3.007613
2.828887
2.812875
2.820666
3.441465
2.834189
2.847757
2.813192
3.181317
3.079845
2.841224
2.824989
2.822451
2.835514
2.833114
2.819688
2.84094
2.838926
2.816057
2.833206
2.846043
2.825286
2.829685
2.824165
2.828027
3.301429
2.821302
2.815125
2.82868
3.264048
2.847296
2.839031
2.838634
2.816297
2.814528
2.820598
2.824725
2.821689
2.826046
2.829952
2.813602
2.82709
2.809206
2.829563
2.818862
2.820572
3.129311
3.167968
2.83165
2.832577
2.840997
3.401299
2.818994
2.815641
2.858393
2.825864
2.825208
2.835069
2.846105
2.837869
2.832209
2.822051
2.823829
2.824532
2.844492
2.836934
2.836923
2.823149
2.82555
2.812308
2.826804
2.825284
2.819665
2.817523
2.824168
2.855582
2.814753
2.83935
2.815074
3.412694
2.830662
2.81128
2.832857
2.830048
2.820693
3.355899
2.821544
2.813223
2.84026
2.831715
2.833294
2.845498
2.82681
2.825657
2.843232
3.232193
2.827147
2.823662
2.831434
3.384273
2.853561
2.809372
3.430023
3.252326
2.841898
2.80915
2.866937
2.821247
2.807615
2.817528
3.149914
2.810439
2.80475
2.82381
2.838399
2.82308
2.835415
2.834132
2.829767
2.821501
2.833335
2.830374
2.862967
2.82822
2.814211
2.826672
2.835599
2.815449
3.384111
2.825483
2.819963
2.828145
2.82001
2.845465
2.832285
2.817702
2.827771
2.821079
2.822397
2.814188
2.829074
2.836345
2.825094
3.060177
2.829014
2.83254
2.839992
2.989868
2.858722
2.832745
2.822922
2.815078
2.834102
2.802617
2.838576
3.283069
2.82574
2.826624
2.829071
2.839641
2.835591
2.82273
2.820349
2.843801
2.832524
2.822792
2.834109
2.856255
3.232392
2.822817
3.23362
3.347019
2.825939
2.840738
2.835674
2.8144
2.834052
2.850447
2.842629
2.806839
2.80994
2.81862
2.833823
2.822442
2.822002
2.80331
2.829493
2.856457
2.836561
2.833135
2.830192
2.829104
2.824656
2.817493
2.821561
3.429668
3.330554
2.83345
2.832033
3.372639
2.858716
2.82389
2.822054
3.32659
2.817467
2.833364
2.827563
2.817598
2.819595
2.821932
2.824809
2.82594
2.822127
2.818379
2.842369
2.812169
2.813523
2.833841
2.819608
2.808091
2.818268
2.834891
2.820575
2.821558
2.821892
2.800275
2.836418
2.846134
2.820143
3.381274
2.825135
2.821056
2.810579
2.844236
2.834691
2.816315
2.819533
3.217279
3.148766
2.824174
2.829846
2.835033
2.855555
2.836891
2.818286
2.823365
2.853764
2.881821
2.811185
2.815945
2.82173
2.842899
2.843295
2.842186
2.855047
2.816483
2.839349
2.818392
2.815611
3.160594
2.824166
2.818552
2.818487
2.871955
2.816125
2.827267
2.813114
2.807543
2.836666
2.822324
2.812982
2.836912
2.851661
2.814966
2.839011
2.816211
3.436615
3.199523
2.832367
2.811365
2.827039
2.822454
2.833827
2.839207
2.823571
2.8318
2.832587
2.855431
2.844188
3.30011
2.82689
2.849791
2.844701
2.838857
3.320016
2.81937
2.849516
3.326585
3.264037
2.834052
2.819324
2.833899
2.87352
2.818239
2.825641
3.378726
2.811688
2.858294
3.23438
2.825842
2.820962
2.850385
2.814553
2.833691
2.821426
2.831312
2.850309
2.81516
2.848381
2.830755
2.823315
2.832204
2.837541
2.847255
2.82693
3.209291
2.819992
2.823767
2.832942
3.116389
2.823342
2.82477
2.824606
2.850086
2.826408
2.827496
2.850691
2.809685
2.831234
2.816924
2.84683
2.824661
2.818272
2.812398
3.348569
3.354673
2.823052
2.805552
2.831251
3.176785
2.823926
2.814545
2.833719
3.30045
3.167507
2.82603
2.825763
2.83511
2.83751
2.825506
2.835476
2.821644
3.184065
2.824777
2.826807
2.840213
2.829555
2.837892
2.828045
2.852963
2.833655
2.859842
2.830445
3.366695
2.810057
2.828728
2.806847
3.347017
2.808835
2.826477
2.833236
3.265803
2.830388
2.828713
2.837722
2.826281
2.845538
2.825566
2.836707
3.267464
2.811491
2.819456
2.813486
2.810106
2.82566
2.847007
3.430188
2.823134
2.854216
3.389279
2.82856
2.825292
2.855617
3.37957
2.813103
2.842305
2.844584
3.219424
2.842612
2.809198
2.814144
2.810178
2.829278
2.815855
2.850492
2.850648
2.824701
2.853034
2.820591
2.841016
3.38084
2.83137
2.832561
2.821135
3.063165
2.826618
2.831164
2.813024
2.847848
2.814683
2.82046
2.819648
2.843953
2.828965
2.824685
2.842488
2.83561
2.818492
2.80605
2.832394
2.834321
2.812405
2.808152
2.823909
2.855739
2.816833
3.074078
2.818668
2.836932
2.817695
2.835575
3.187155
2.824259
2.857247
2.836467
2.823311
2.822359
2.82367
2.819126
2.819032
2.859041
2.830144
2.822677
2.830008
2.82825
2.82199
2.852943
2.813893
2.835392
2.81427
2.839912
2.825897
2.830106
2.818547
3.193899
3.154911
2.827754
2.810761
2.805514
2.81328
3.393165
2.834674
2.831413
2.833578
2.825955
2.825443
2.818976
2.827535
2.83896
3.331565
2.81012
2.831829
2.828122
2.804491
2.839704
2.818887
2.825644
2.834164
2.832959
3.369617
2.857491
2.822166
2.829339
3.29316
2.832341
2.838127
2.820054
3.27567
2.841438
2.819973
2.831412
3.155505
2.835012
2.836522
2.841523
2.822126
2.830864
2.833408
2.821482
3.397484
2.825494
2.824535
2.828369
2.837178
2.832831
2.837027
2.830611
2.856919
2.825766
2.829987
2.810574
2.826686
2.826128
2.834426
2.837871
2.806184
2.847586
2.849539
2.832041
2.819065
2.824767
2.836026
2.817488
3.401609
2.825892
2.842944
2.844014
3.318218
2.816751
2.803017
2.812799
2.817032
2.819013
3.331624
2.830025
2.827087
2.814648
3.124454
2.827637
2.818452
2.811312
2.824919
2.8054
2.824452
2.836867
2.826832
2.829273
2.827975
3.326587
2.832248
2.818523
2.814724
3.413368
2.836277
2.83529
2.831016
2.812529
2.829758
2.828749
2.812468
2.808269
3.23201
2.825725
2.830836
2.825951
3.41189
2.813044
2.820608
2.828367
3.192776
2.824237
2.805656
2.825315
3.3459
2.8236
2.815319
2.82533
2.82617
2.819076
2.826059
2.832468
3.415804
2.827554
2.87005
2.846467
2.83132
2.846343
2.827882
2.837119
2.84225
2.823886
2.829299
2.837727
2.836644
2.826172
2.826683
2.829395
2.813544
2.823341
2.817657
2.845433
2.816951
2.828336
2.825522
2.81721
2.831106
2.839714
2.83167
2.830918
3.25215
2.842483
2.824383
2.832525
3.429614
2.843997
2.826459
2.819891
2.812876
3.137563
2.805471
2.8415
2.83009
2.820195
2.830771
2.81872
2.825686
2.818935
2.84822
2.837968
3.32412
2.831821
2.83485
2.805297
3.35687
2.844686
2.812235
2.822593
3.283756
2.831492
2.865103
2.830334
2.837641
2.819924
2.805364
2.828849
2.8368
3.385505
2.832738
2.804179
2.826901
2.839317
2.821467
2.830744
2.817917
2.849307
2.827997
2.843712
3.32746
2.811429
2.821521
2.827688
2.808922
2.821168
2.821533
2.849968
2.819197
2.83917
2.830032
2.853641
2.814256
2.827317
2.831213
2.842412
3.189936
2.852844
2.815989
2.829759
3.429134
2.804447
2.811439
2.830545
2.827414
2.839527
2.820156
2.821789
2.831311
2.816642
2.816587
2.814859
2.823088
2.821651
2.826149
2.830608
2.828307
2.838369
2.829141
2.831338
2.825496
2.823364
2.81228
2.825345
2.841189
2.834501
2.823538
2.830765
2.835395
2.821361
2.833678
2.832899
2.812871
2.818451
3.406288
2.833202
2.817042
2.832391
2.818037
2.828128
2.85625
2.835202
2.824267
2.809975
2.816652
2.856229
2.820598
2.847998
2.823849
2.813008
2.830696
2.836151
3.316464
2.841633
2.829545
2.824244
2.839033
2.827567
3.278745
2.834249
2.814852
2.821669
3.212556
2.829271
2.830753
2.829728
3.368801
2.82928
2.82512
2.814941
2.832781
2.832429
2.828097
2.840804
3.498938
2.830319
2.829842
3.275653
2.814737
2.843408
2.821758
2.81452
3.458617
2.830067
2.814398
2.839066
2.822169
2.844068
2.814242
2.853092
2.823579
2.821518
2.814706
2.834802
2.825663
2.829755
2.841809
2.825697
2.83548
3.385129
2.8208
2.817848
2.801206
2.833589
2.816885
2.815263
2.833236
2.830277
2.82911
2.835483
3.233422
2.821385
2.822912
2.837242
2.827328
2.822296
2.823204
2.840064
3.237389
2.838607
3.181819
2.823344
3.250395
2.829737
2.824879
2.829936
3.309782
2.862686
2.823204
2.830934
3.36531
2.841732
2.850759
2.843477
2.84388
2.817478
2.84724
3.377483
2.838565
2.804071
2.829301
2.818342
2.817611
2.840224
2.834156
2.846853
2.840333
2.824145
2.820218
2.829366
3.220797
2.812532
2.804043
2.815777
2.822336
2.837867
2.809983
2.826674
2.821179
3.393211
2.811846
2.836678
2.830876
2.846232
2.823029
2.854043
2.828392
2.819496
2.814803
2.830357
2.833649
2.822262
2.848449
2.83012
3.185691
2.840025
2.837704
2.855364
2.817127
2.817832
2.828563
2.84226
2.817356
2.833296
2.835853
2.836124
2.843497
2.843115
2.853466
2.811193
2.805956
2.843958
2.853917
2.826548
2.836845
2.822738
2.831863
2.8416
2.828507
2.840209
2.819045
3.179087
2.839566
2.822988
2.815603
2.843933
2.842439
2.8364
3.121816
2.818839
2.84104
2.84052
3.39167
2.814171
2.828828
2.850567
3.392733
2.8438
2.837437
2.818548
2.831508
2.840319
2.822594
2.827908
2.836304
2.844247
3.180502
2.835423
2.822828
2.818993
2.830067
3.308611
2.831733
2.83354
2.825036
2.8296
3.361376
2.856005
2.855617
2.846501
2.822764
2.821493
2.828997
2.828807
2.829448
2.836512
2.829083
3.411844
2.809761
2.814396
2.825243
2.846003
2.820332
2.824836
2.830532
2.814149
2.821049
2.833385
2.832353
2.806479
3.423307
2.829211
2.833365
2.839954
3.172821
2.821328
2.822951
2.831182
2.844889
3.304625
2.803448
2.867233
2.832357
2.871016
2.837789
2.816665
2.824734
2.818498
2.825576
2.8162
2.823502
2.811735
2.848591
2.818392
2.796924
2.825904
3.353204
2.844567
2.823421
2.826965
2.830051
2.816893
2.837722
2.823814
2.81858
2.840297
2.832727
2.83207
2.825224
2.836924
3.144432
2.812907
2.836307
2.826552
2.811444
2.807381
2.825914
2.827607
2.805383
2.825919
2.812663
3.361631
3.133111
2.849751
2.825363
3.366039
2.811369
2.821654
2.840087
2.830729
2.83073
2.818355
2.82084
2.837155
2.829228
2.814981
2.828955
2.831271
2.845878
3.192865
2.821098
2.830764
2.820737
2.814055
2.829582
2.848754
2.843943
2.83311
2.821306
2.828194
2.861549
2.813556
2.82802
2.828367
2.822166
2.828556
2.84382
2.822389
2.839609
2.83432
2.835961
2.830655
3.385819
2.817927
2.820865
2.830736
2.825717
2.807546
2.824555
2.8234
3.37905
2.818612
2.829966
2.812351
2.831815
2.82857
2.822326
3.494096
2.82537
2.834915
2.811147
2.855803
2.842967
2.864509
2.822507
2.814098
2.833247
3.092385
2.835337
2.835606
2.83506
2.831184
3.118831
2.855365
2.826721
2.820273
3.55442
2.823838
2.840569
2.812421
2.819138
2.807525
2.832568
2.828848
2.82127
2.828944
2.832732
2.807943
2.823566
2.834543
2.820685
2.821017
2.831821
3.352987
2.829644
2.823685
2.830655
2.826353
2.812988
2.826845
2.821078
2.82267
2.801275
3.172932
2.808469
2.856972
2.835583
2.839258
2.83006
2.830459
2.834451
2.831897
3.419784
2.82978
2.864115
2.817189
3.40113
2.812782
2.826359
2.832528
3.436134
2.814669
2.808078
2.837114
2.833616
2.828002
2.840803
2.825218
2.818888
2.825961
2.829145
3.21404
2.828569
2.847478
2.803712
2.835324
2.818645
2.826655
2.812365
2.848055
2.822643
2.825544
2.827148
2.838704
2.849908
2.82494
2.820163
2.828284
2.828556
2.814248
2.844953
2.816235
2.825563
2.822387
2.830146
2.837214
2.847647
2.823387
2.82587
2.818764
2.815254
2.81012
2.8225
2.831227
2.810878
2.841175
2.820683
3.222734
3.237382
2.85139
2.824323
2.813147
2.843812
2.810977
2.822695
2.817844
2.843311
2.843266
2.83193
2.833066
2.822891
2.832726
2.843256
2.856592
2.83494
2.833022
2.823491
2.820299
3.269375
3.26349
2.864691
2.825761
2.820602
2.818339
2.840228
2.824178
2.826053
2.824401
2.822086
2.814351
2.848047
2.828268
2.814302
3.327576
2.82709
2.825062
2.825376
2.83573
2.84803
2.826381
2.817024
2.816782
3.468942
2.831265
2.825078
2.818393
3.256496
2.829256
2.79793
2.807914
3.315147
2.845658
2.827847
2.821552
2.814372
2.83684
2.818631
2.813664
2.820067
2.845348
2.827397
3.301032
2.827317
2.820924
2.853365
2.820651
2.811547
2.83674
2.837889
2.802032
2.825538
2.82712
2.847924
2.835308
2.835602
2.822635
2.841432
2.81903
2.814477
2.819496
3.162795
2.817079
2.832973
2.845489
2.83091
2.83364
2.81494
2.833532
3.407789
3.205417
2.848593
2.822766
2.828315
2.810112
2.838468
2.820829
2.80433
2.822211
2.829582
3.126051
2.825478
2.858932
2.826674
2.82278
2.820712
2.817824
2.842364
2.831324
2.826149
2.820062
3.420005
2.831312
2.818694
2.841724
2.834202
2.828116
2.821527
2.818553
2.845508
2.824977
2.800639
2.829161
2.8344
2.842186
3.383378
3.385983
2.828566
2.85919
2.815348
2.841855
2.836031
2.832835
2.835223
2.840498
2.850345
2.829199
3.278388
2.813207
2.838005
2.823451
2.817653
2.814262
2.856497
2.8669
2.819704
2.828855
2.816579
2.825373
3.506778
2.813789
2.814802
2.857964
2.834326
2.825387
2.807647
2.825071
2.827006
2.816696
2.822083
3.594799
2.811949
2.823827
2.822483
2.819658
2.830683
2.822516
2.82467
3.175381
2.835808
2.828074
2.82812
2.838437
2.834114
2.828502
2.818062
2.829499
2.83142
2.810319
2.81654
2.813907
3.307573
2.813909
2.816436
2.82012
3.266608
2.834986
2.813956
2.807371
2.818655
2.825003
2.822772
2.842455
3.378973
2.822765
2.820045
3.363733
3.13664
3.41568
2.828033
2.831605
3.258292
2.820783
2.844833
2.834983
2.825869
2.818908
2.83352
2.825392
2.822898
2.812474
3.463491
2.819013
2.828899
2.831384
2.813489
2.807954
2.826009
2.831381
2.817569
2.824681
3.198783
2.849272
2.827174
2.854797
3.303046
3.27092
2.831574
2.830302
3.134606
3.179516
2.82558
2.830382
2.828083
2.810092
2.830311
2.832314
2.832872
2.833109
2.820342
2.822611
2.822012
2.838817
2.834833
2.818971
2.827209
2.837506
3.432692
2.835722
2.837407
2.842989
2.807416
2.850537
2.820637
2.827961
2.813771
2.803052
2.838962
3.326134
3.291501
2.849252
2.834293
2.853888
2.82514
3.271044
2.821427
2.808022
2.835522
2.840988
2.829533
2.816216
2.839341
2.845795
2.823818
2.845235
3.353742
2.846488
2.815573
2.820455
2.860083
3.270503
2.813844
2.831083
2.808018
2.827376
2.824037
2.827129
2.837267
2.830236
2.828779
2.832799
2.819609
2.829481
2.840666
2.833327
3.26978
2.817291
2.817668
2.82832
2.82185
2.828754
2.827867
2.811291
3.423553
2.818974
2.824564
2.82677
2.827811
2.841016
2.824
2.82277
2.81587
2.829243
2.829041
2.821088
3.247678
2.814852
2.841205
2.838569
3.497612
2.833022
2.834108
2.807332
2.863451
2.856628
2.832599
2.862069
2.827089
2.837454
2.816582
2.816394
2.848127
3.159162
2.823741
2.827581
2.823485
2.827219
2.828845
2.812377
2.829997
2.815489
2.816717
2.822506
3.336064
3.366383
2.822978
2.82505
3.49262
2.845183
2.851278
2.850459
3.403532
2.829
2.826059
2.843511
3.362972
2.823807
2.84146
3.477848
2.84799
2.832291
2.824517
2.830734
3.176288
2.805704
2.843482
2.817777
2.816285
2.820444
2.833467
2.824943
2.851566
2.824543
2.819407
2.831308
2.830552
2.839941
2.833714
2.819388
2.818698
3.471256
2.818869
2.812141
2.814977
2.85726
2.820181
3.402831
2.824027
2.8332
2.842205
2.864108
3.218488
2.839745
2.815126
2.83865
3.243303
2.821044
2.81507
2.839969
2.832062
2.846386
2.822161
2.816555
2.827791
2.821452
2.866765
2.823445
3.257124
2.821232
3.342551
2.838546
2.853499
3.458707
2.841708
2.829665
2.835207
2.847642
2.819764
2.82171
2.837945
2.826246
2.824748
3.374719
2.842841
2.822966
2.818664
2.819967
2.813157
2.813441
2.830574
2.835242
2.821543
2.80969
3.271265
2.82395
2.814516
2.824744
3.306797
2.812307
2.837168
2.83417
2.820759
2.838039
2.824351
2.829701
3.42032
2.814937
2.838896
2.816728
2.813047
3.151135
2.836236
2.818011
3.198068
2.825868
2.838646
2.815516
2.846612
2.808936
2.823971
2.821418
2.856503
2.83826
2.81257
2.823361
2.817446
2.83193
2.836221
2.821999
2.823319
2.83
2.823658
2.847288
2.841098
2.815827
2.834943
2.816265
3.371474
2.855978
2.830815
2.820553
3.236021
2.832595
2.824865
2.819749
2.826742
2.847275
2.816396
2.826126
2.829599
2.831525
2.850549
2.827443
3.25236
2.838587
2.841783
2.856601
3.326092
2.823291
2.831907
2.840593
3.220383
2.826119
2.827384
2.830969
3.488927
2.837692
3.352796
2.812202
2.816588
2.84168
2.827888
2.812862
2.829344
2.827831
2.828304
2.812212
2.832993
2.823899
2.820939
2.831763
2.828455
2.825219
2.844652
2.848013
3.427246
2.825255
2.843887
3.291588
2.825364
2.820477
2.812523
2.823908
2.826412
2.823242
2.83794
2.826222
2.825962
2.824947
2.823418
2.842364
3.260645
2.830441
2.813651
2.8237
3.293357
2.822257
2.823989
2.81589
2.81829
3.320829
2.830687
2.824807
3.240568
2.813454
2.845088
3.310379
2.809887
2.864085
2.834646
2.827875
2.822273
2.809894
2.830188
2.82522
2.827091
2.815493
2.867787
2.819636
2.839952
2.858059
3.347118
2.814954
2.809419
2.860769
2.825186
2.823494
2.828325
2.829668
3.286302
2.841455
2.826148
2.816812
2.840956
2.83445
2.82659
2.82283
2.838302
2.815286
2.827431
2.85361
2.838863
2.827006
2.808085
2.810184
2.809306
2.828057
2.839133
3.440857
3.166043
2.829379
2.827936
2.811169
3.223121
2.838522
2.837243
2.810105
2.841726
2.823045
2.815142
2.833474
2.8649
2.830611
2.828492
2.819505
2.815967
2.819652
2.823961
2.83963
3.390329
3.415609
2.831979
2.814142
3.206876
2.83437
2.831096
2.8447
3.226218
2.82248
2.824469
2.809824
2.818894
2.858329
2.829688
2.815004
2.832175
2.86495
3.181562
2.81312
2.822326
2.844017
2.824883
2.844561
2.831157
2.825951
2.82753
2.829885
3.343371
2.819073
2.811375
2.815039
3.356458
2.817984
2.809538
3.376589
3.426391
2.853961
2.822958
3.211702
2.841687
2.841163
2.838827
2.809527
2.829348
2.821577
2.814647
2.832527
3.16032
2.822186
2.816104
2.829092
2.831397
2.818914
2.828816
2.799272
2.82994
2.820514
2.835159
2.810969
2.827017
3.428206
2.818828
2.848537
2.832532
2.819031
2.83141
2.813395
2.842169
2.849234
2.832817
2.817182
2.83142
2.816536
2.834086
2.815309
3.249191
2.823947
2.827674
2.808065
2.828626
2.831228
2.83897
2.815513
2.834832
2.828146
3.329703
2.83499
2.825066
2.820509
2.827567
2.826432
3.30446
2.81089
2.817554
3.439012
3.351757
2.847998
2.817485
2.833437
3.215882
2.827836
2.826071
3.260051
3.239845
2.833368
2.823467
2.815602
2.849257
2.817492
2.852791
2.809833
2.804516
2.82508
2.838797
2.818847
2.813443
2.852462
2.838463
2.832372
2.818751
2.820396
2.851603
2.859376
2.841677
2.841844
2.820749
2.836022
2.818617
2.820086
3.185882
2.811763
2.816325
2.820791
3.395596
2.847832
2.817787
2.836635
2.839055
2.814206
2.797491
2.842304
2.837335
2.818548
2.838408
2.824657
2.834554
2.807848
2.817951
2.83237
2.837173
2.834936
2.859825
2.831704
2.826836
2.824599
2.815514
2.822872
2.825997
2.840806
2.820652
2.822571
3.351662
2.837949
2.832333
2.82463
2.813807
3.245691
2.835491
2.812507
2.827705
2.806849
2.82509
2.82434
2.822055
2.824295
2.830884
2.833013
3.421159
2.830508
2.858124
2.8236
3.338581
2.813992
2.856393
2.838504
3.251025
2.83506
2.827631
2.850287
2.825949
2.845621
3.469347
2.831424
2.82101
2.811249
2.843269
2.811025
2.826963
2.829797
2.831931
2.833484
2.822587
2.832616
2.82607
2.823722
2.815581
2.835585
2.842447
2.845783
2.817155
2.840648
2.818321
2.815475
2.826077
2.829434
2.826652
2.841325
2.829475
2.835315
2.832533
2.832247
2.846161
2.814848
2.842263
2.83269
3.198362
2.831122
2.824091
2.81955
3.360278
3.355025
2.836103
2.846321
2.831799
2.822843
2.830749
2.8494
3.46706
2.819258
2.826375
3.156348
2.842554
2.827794
2.809369
2.833165
2.830712
2.840149
2.843713
2.803839
2.822812
2.831381
3.217717
2.826859
3.16343
2.828794
2.812555
2.812239
2.826356
2.839291
2.824983
2.824492
2.827151
2.817398
2.824694
2.824376
2.826055
2.821824
2.822454
2.831506
2.833805
2.824887
2.868498
2.810617
2.821826
2.848093
2.827663
3.361442
3.162454
2.828071
2.826053
2.830327
3.434853
2.823842
2.831296
2.822409
3.274004
3.242568
2.838145
2.833112
2.822049
2.81139
2.811764
2.821533
2.801227
2.824125
2.839724
2.838756
2.833469
2.805795
3.325163
2.820844
2.837269
2.827961
2.828376
2.848773
2.824009
2.829483
3.431986
2.850925
2.819939
2.83888
3.155899
2.832469
2.824501
2.833941
2.820666
2.801883
2.812293
2.844099
2.807528
2.819154
2.827673
2.874286
2.820687
2.818174
2.837117
2.839268
2.837959
2.838981
2.824364
2.822517
2.814565
2.830958
2.84467
2.812365
2.805858
2.830613
2.835331
2.835003
2.846112
2.82375
2.869584
2.842962
2.831973
2.813058
3.151834
3.39585
3.235257
2.828081
2.862028
2.812369
3.276091
2.823123
2.827807
2.821388
3.363178
2.838519
2.820895
2.842444
3.343541
3.336593
2.854832
2.863026
2.823016
2.850834
2.84856
2.849016
2.830547
2.832465
2.821697
2.832632
2.829255
2.819958
2.824846
3.320774
2.838078
2.836944
2.83778
2.826213
2.846662
2.842496
2.826978
2.814893
2.844317
2.825604
2.821872
2.829498
2.838135
2.831542
2.823949
2.838351
2.82235
3.209194
2.822268
2.835981
2.840154
2.827469
2.845425
2.812937
3.238964
2.84667
2.823087
2.813534
2.813574
2.834506
2.841395
2.824972
3.432909
2.827177
2.816982
2.825823
2.836443
2.83066
2.831168
2.827746
2.834909
2.859128
2.841166
2.846654
2.820645
3.502356
2.833328
2.81674
2.802315
2.830357
2.817066
2.841388
2.824767
2.847688
2.831609
3.111065
2.85207
2.834304
2.820905
2.807265
2.828811
2.848711
2.842133
2.823382
2.821234
2.82077
2.832407
2.811392
3.337986
2.84754
3.410699
2.839091
2.833095
2.850238
2.836813
2.850283
2.83858
2.819676
2.837767
2.836591
3.273407
2.828285
2.809741
2.82591
2.82444
2.81454
2.839778
2.832552
2.831078
2.830528
2.840514
2.829701
2.852713
2.846783
2.823711
2.832609
2.857018
2.837245
2.815372
2.84335
2.836982
2.847814
2.847058
2.818275
2.834906
2.827176
2.834902
2.827494
2.8308
2.839595
2.830344
2.810676
2.831946
2.831597
3.403041
2.829314
2.830623
2.831878
2.828594
2.819833
2.803438
2.824603
2.84225
2.822571
2.830847
3.358532
2.826658
2.829165
2.842995
2.821783
2.808914
2.836245
2.878447
3.155778
3.292251
2.840019
2.818933
2.838566
2.827462
2.822385
2.823172
2.824957
2.854631
2.827983
2.850809
2.834802
2.844605
2.858481
2.825858
2.856664
2.831478
2.813293
2.80748
2.824107
2.83597
2.820893
2.83098
2.83156
3.249878
2.865072
2.841254
3.386912
3.333734
3.301926
2.847558
2.834555
3.076682
2.835769
2.845214
2.852542
2.831044
2.825966
2.844987
2.838
3.409522
2.822881
2.82925
2.822491
2.816582
2.837122
2.857778
2.804583
3.245121
3.387222
2.865256
2.843602
2.830673
2.855264
2.825827
2.838647
2.828812
2.811122
2.822042
3.454069
2.843797
2.830291
2.825398
2.848846
2.821089
2.838194
2.82814
2.831231
3.256773
2.85803
2.831412
2.847019
2.833177
2.830185
2.825224
2.863961
3.164919
2.819606
2.819184
2.838286
3.275034
2.806641
2.845481
2.842462
3.181509
3.386943
2.847611
2.832405
2.824527
2.848046
2.853595
2.829502
2.834177
2.831435
2.803324
2.827772
3.308438
2.825972
2.828524
2.819017
2.821567
2.835687
2.838979
2.828828
2.836291
2.83051
2.844792
2.817453
2.835777
2.831564
2.838626
2.848318
2.828198
3.363882
2.82503
2.85943
3.422181
2.830544
2.808429
2.833569
3.235985
2.805289
2.845438
2.838193
3.249345
2.832834
2.851789
2.850716
2.84377
3.295785
2.828614
2.83596
2.818328
2.836036
2.826897
2.826971
2.837343
2.830244
2.832512
2.827541
2.839968
2.819314
3.411315
2.825819
2.835604
2.837161
2.846276
2.838714
2.822087
2.833885
2.851136
2.826179
2.844786
2.822547
3.295463
2.826163
2.818597
2.818447
2.833649
2.838966
2.823108
2.852859
2.832322
2.839873
2.826327
2.825399
2.823361
2.842722
2.827115
2.829433
2.826261
2.829669
2.840346
2.872512
2.838412
2.827286
2.83398
2.844516
2.821283
2.853593
2.826497
2.847763
2.830642
2.829284
2.82703
2.825548
2.836478
2.834814
2.84028
2.852177
2.828645
2.833498
2.846764
2.82193
3.419145
2.835645
2.854958
3.224735
2.834028
2.844028
2.846328
2.837355
3.398652
2.814587
2.836245
2.829132
2.834495
2.830818
2.834269
2.846067
3.274902
2.829648
2.828635
2.822609
3.316433
2.834802
2.860257
2.808049
2.833876
2.85445
2.836022
2.836672
2.84689
2.820028
2.825301
2.833942
2.818594
3.194104
2.851755
2.834413
2.825136
2.818315
2.827883
2.830291
2.843444
2.855611
2.820404
2.806009
3.420949
2.850438
3.347446
2.8252
3.218013
2.831256
2.833219
2.837161
3.385554
2.838264
2.833259
2.854921
3.278918
2.830336
2.808868
2.837105
3.333966
2.838137
2.821892
3.249406
2.819511
2.822827
2.842194
2.811856
3.322962
2.821922
2.841233
2.82625
3.130897
2.833522
2.83339
2.843892
2.8189
2.839756
2.829754
2.847291
2.822731
2.86383
2.842865
2.823106
2.824551
3.221361
2.825483
2.827386
2.831442
2.849073
2.835633
2.867465
2.843927
2.856663
2.828014
2.834242
2.833354
2.84774
2.813972
2.810382
3.272119
2.83432
2.809248
2.827431
2.843007
2.825716
2.846872
2.827865
2.821331
3.131135
3.471207
2.847317
2.815827
3.461747
2.823558
2.845795
2.819522
2.849708
2.826452
2.844354
2.82691
2.853621
2.852481
2.837604
2.832053
2.834108
2.813919
3.18666
2.809074
2.833977
2.83599
2.822428
2.820661
2.833641
3.450926
2.840853
2.825991
2.824985
3.275361
2.807926
2.852008
2.846354
3.157946
2.839059
2.858289
2.827391
2.833907
2.828911
2.833166
2.835382
3.346575
2.823076
2.836549
2.826333
2.814961
2.830383
2.813563
2.821361
3.404637
2.843207
2.832676
2.829513
2.811614
2.830007
2.824374
2.847164
2.832631
2.827247
2.82788
2.828828
2.821039
2.856553
2.821536
3.322099
2.825899
2.83893
2.846226
2.830036
2.809754
2.834478
2.829076
2.839878
2.81727
2.86153
2.818086
2.817328
3.169246
2.822289
2.817465
2.821374
2.837359
2.831966
2.810064
2.851117
3.386778
3.261843
2.827011
2.837847
3.223075
2.836966
2.834772
2.805789
3.338146
2.836644
2.824395
2.833269
3.424142
2.800605
2.829149
2.826406
2.810376
2.810122
3.301378
2.829368
2.821835
2.811233
2.82399
2.824207
2.867108
2.834774
2.859225
2.822841
2.840247
2.824086
2.814691
2.820649
3.174152
2.841035
2.816772
2.824215
2.809529
2.844363
2.840445
3.011109
2.843633
2.827287
2.840552
2.852058
2.850163
2.836977
2.83
2.829526
2.84392
2.82983
2.82378
2.829706
2.833177
2.823043
2.838183
2.833494
3.517665
2.831573
2.850638
2.826528
2.820332
3.210521
2.830508
2.819965
2.823403
2.824569
2.824914
2.840503
2.826525
2.820255
2.831132
2.825771
2.823583
2.825033
2.853402
2.836631
2.823854
2.821193
2.847284
3.174349
2.839782
2.834123
2.810263
3.361702
2.841631
2.836995
2.825233
2.833826
2.865026
2.828155
2.832484
2.83302
2.824456
2.835759
3.347329
2.840828
2.835809
2.841564
3.337556
2.869012
2.824086
2.841648
3.192094
2.844179
2.831943
2.826816
2.811248
3.210129
2.843974
2.827844
2.825415
2.825831
3.268086
2.84492
2.844136
2.821459
2.824489
2.852037
2.825766
2.833353
2.805354
2.826669
2.835886
2.827179
2.825844
2.842378
2.837281
2.822672
2.835047
2.842778
2.814003
2.817179
2.810251
2.831303
2.847687
2.851922
2.827645
3.263429
2.837914
2.826926
2.827216
2.831924
3.168819
2.820771
2.8347
2.848954
2.838169
2.856344
2.834294
2.835273
2.839402
2.846941
2.83555
2.851409
2.827846
2.841196
2.839246
2.83601
2.837403
3.158861
2.831616
2.840044
2.837351
2.844795
2.820745
2.824361
3.148372
2.841899
2.842893
2.826486
2.852938
2.825939
2.826927
2.836281
2.837704
2.835936
2.835207
2.829204
2.80704
2.829849
3.274155
2.809682
2.813068
2.83345
2.822858
2.805324
3.111349
2.825996
2.821666
2.835693
3.458625
2.825329
2.835701
2.837283
3.442913
2.851128
2.819825
3.304748
3.316858
2.824234
2.812016
2.828313
2.82534
2.827535
2.816606
2.834534
3.402751
2.816966
2.833184
2.809735
2.829944
2.840409
2.840253
2.825641
2.844264
2.825527
2.829239
2.849128
2.826999
3.245822
2.85002
2.805412
2.844634
2.839913
2.836859
2.826257
2.81486
2.836243
2.844083
2.821599
2.84575
2.830439
2.848649
2.822416
3.461527
2.819123
2.824137
2.822559
2.828374
2.829066
2.825921
2.811789
3.348493
2.846649
2.802645
2.808512
2.825283
2.833894
2.834701
2.837905
2.855278
2.820797
3.151277
2.8414
2.839244
3.30089
2.814935
2.819019
2.826959
2.845221
2.824913
3.202618
2.827377
2.852637
2.820759
2.817933
2.818473
2.821054
2.803566
2.830518
2.814521
2.821062
3.41105
2.84237
2.822877
2.831452
3.327403
2.828452
2.798591
2.83973
3.438223
2.829358
2.829689
2.848333
2.833671
2.814788
3.378411
2.819278
2.848538
2.820114
2.831101
2.826594
3.087404
2.813592
2.818713
2.823379
2.822991
2.812372
2.819248
2.847112
2.819316
2.822145
2.839997
2.849004
2.826533
2.831729
2.8238
3.272826
2.837117
2.82131
2.827892
2.837642
2.832643
2.8308
2.821661
2.826139
2.814572
2.840508
2.808118
2.822567
3.407721
2.807763
2.838045
2.819072
3.16291
2.824533
2.832019
2.807431
2.827368
3.107211
2.81975
2.86833
3.279119
2.826238
2.828893
2.858169
3.328994
2.837371
2.82423
2.829561
3.247242
2.845288
2.823433
2.8326
3.33961
2.824141
3.301836
2.828879
3.454197
2.816649
2.833605
2.82335
2.807594
2.804939
2.827388
2.834977
2.819824
2.834003
2.826202
3.338031
2.830377
2.821538
2.814065
2.834815
2.821565
2.821773
2.821754
2.837524
2.807394
2.818156
2.830687
2.807664
3.364956
2.825125
2.830343
2.830666
3.248618
2.828012
2.818031
2.824052
2.826542
2.860689
2.820528
2.830811
3.427107
2.854021
2.828546
2.839233
2.814488
3.197225
2.835353
2.865261
3.194823
2.835147
2.812209
2.813807
2.846121
2.862447
2.828188
2.82963
2.829589
2.822506
2.827421
2.818541
2.813851
2.840202
2.825717
2.823632
2.823571
2.809304
2.82088
2.822071
2.813802
2.837806
2.848188
2.828968
2.817287
2.838288
2.830426
2.814888
2.828594
2.82995
2.821856
2.825565
2.813121
2.833953
2.836099
2.827493
2.819859
2.823089
2.846839
2.833165
2.818003
2.827806
2.827235
2.819732
2.826462
3.31586
2.824207
2.805744
2.840324
2.855664
3.207221
2.823994
2.83162
2.815364
3.31233
2.83635
2.810885
2.83635
2.806011
2.851927
2.824852
2.811123
2.821806
2.818944
2.814862
2.835248
2.84052
3.26244
2.838211
2.831864
3.332289
2.813139
2.830194
2.824375
3.327202
2.82905
2.824261
2.818593
3.247312
2.819726
2.803254
3.361661
2.824643
2.832483
2.853656
2.83065
2.834641
2.817894
2.832245
2.852699
2.825243
2.818594
2.812085
2.837402
2.829571
2.813641
2.83745
2.835727
3.337239
2.818568
2.835814
2.825116
2.837867
2.82172
2.826176
2.813704
2.841889
2.817071
2.843789
3.205771
3.15748
2.816122
2.813484
2.836421
3.346841
2.829491
2.839378
2.832229
3.0706
2.835604
2.837512
2.820093
2.849783
2.818072
2.829292
2.821331
3.440543
2.849621
2.82767
2.827548
2.830787
2.835298
2.82611
2.835488
2.819131
3.402672
2.829348
2.837211
2.8352
2.825698
2.829356
2.835255
2.838213
2.817871
2.821543
3.265119
3.292504
2.823025
2.856117
2.824422
2.839927
2.823783
2.820358
2.830954
3.204421
2.841624
2.820611
2.82601
2.835605
2.828233
2.833241
2.820044
3.46232
2.830142
2.821239
3.249405
3.377153
3.201283
2.82995
2.825494
3.181913
2.81315
2.807481
2.823699
2.824903
2.824468
2.838793
2.838163
2.816079
2.826593
2.815946
2.826894
2.830307
2.823695
2.813411
2.830944
2.827961
2.828188
2.824423
2.817261
2.808735
2.818442
2.838778
2.830956
3.363185
3.353227
2.826111
2.822404
2.820475
2.834294
3.361033
2.850409
2.82793
2.830073
3.389138
2.811902
2.817709
2.826475
2.855984
2.907141
2.834517
2.836801
2.84185
2.840475
2.846185
2.809202
2.833437
2.821277
2.848104
2.822841
2.805496
2.866145
2.843632
2.829666
2.815088
2.857239
2.871389
2.81788
2.830713
2.830387
2.835058
2.861653
2.835614
2.812015
2.814465
2.833511
3.340291
3.329753
2.815547
2.831249
2.824259
2.826558
2.830999
2.815851
2.81842
2.80545
2.829061
2.823139
3.400277
2.835455
2.815364
2.821228
2.827577
2.844639
2.826892
2.8328
2.830577
2.834405
3.540524
2.832853
3.249864
2.827663
2.823142
2.823443
2.808007
2.837671
2.818121
2.820093
2.810669
2.843122
2.823453
2.856694
2.829605
3.314316
2.829907
2.807808
2.823147
2.847024
2.82077
2.815294
2.829324
2.825575
2.808835
3.400731
2.82668
2.821605
2.815817
2.833046
2.816977
2.816281
2.821974
2.851849
2.827105
2.826232
2.837649
2.811436
3.054283
2.820726
2.825614
2.802283
2.834968
2.819706
2.807029
2.820996
3.328539
2.825887
2.83333
2.823974
2.825414
2.813949
2.813139
3.339094
2.815238
2.810856
2.836133
2.836083
2.846319
2.8212
2.814744
2.799233
2.840257
2.822818
2.844785
2.827547
2.808224
2.844576
2.83392
2.817682
2.827924
3.291314
2.844333
2.823013
2.82499
2.822699
2.856888
2.843594
2.81315
2.827743
2.846158
2.84385
2.818789
2.84688
2.838288
3.386612
3.285918
2.831527
2.834979
2.827444
3.39721
2.824566
2.848915
2.840871
3.344031
2.819733
2.819011
2.817623
3.183025
3.326888
3.110226
2.832781
2.82324
2.821588
2.828391
2.830367
2.803296
2.844575
2.810392
2.850838
2.831724
2.821002
2.82155
2.827694
2.822161
2.822
2.841874
2.851747
2.841437
2.839917
3.352372
2.852376
2.819395
2.831708
2.838142
2.839159
2.818118
2.833871
2.814954
2.826445
2.82453
2.838571
2.817877
2.817567
2.812824
2.815283
2.833266
2.847453
2.833478
2.817071
2.818381
2.819517
2.822684
2.836801
2.818998
2.827885
2.822886
3.240397
3.357495
2.873191
2.831676
2.816095
2.82175
2.83983
2.833177
2.804129
2.818955
2.846887
2.844027
3.250134
3.288975
2.84841
2.82321
2.842966
3.265483
2.822356
2.828809
2.862088
3.453385
3.350458
2.821011
2.82552
2.831264
2.827968
2.803449
2.818631
2.839205
2.818986
2.822339
2.832275
2.819404
2.838174
2.869033
2.83594
2.810611
2.832582
2.812504
2.828603
2.82559
2.824994
2.830072
2.832339
3.212407
2.830223
3.385318
2.840494
2.874328
2.814595
2.84047
2.818943
2.827927
2.822373
2.838655
2.811445
2.815566
3.378778
2.817929
2.816522
3.404001
2.840229
2.833028
2.812427
2.817457
2.850998
2.853244
3.374379
3.501022
2.825558
2.830266
2.803564
3.325968
2.833252
2.805251
2.823686
2.826328
2.834519
2.847124
2.815669
2.832024
2.842831
2.813712
2.854087
2.825228
2.830652
2.825336
2.838633
2.840456
2.823322
2.815159
2.835288
2.830134
2.835008
2.834642
2.820382
2.797533
2.811709
2.820505
2.840732
2.832336
2.82247
2.814704
2.82051
2.822961
2.81507
3.216616
2.819306
2.851053
2.80778
2.832455
2.820403
3.245722
2.827942
2.834149
2.8066
3.418766
2.833117
2.81394
2.820811
3.297673
2.844034
2.81822
2.853275
2.819871
2.805241
2.805585
2.84226
2.810337
2.826752
2.828378
3.174997
2.846218
2.827949
2.858077
2.820718
2.844158
3.142534
2.829636
2.820556
2.838713
2.830666
2.822885
2.815088
2.818201
2.829139
2.81147
2.829137
2.831683
2.830192
3.112484
2.829844
2.8237
2.839724
2.832772
2.835307
2.843774
2.82223
3.238768
2.853132
2.826432
2.831609
2.811581
2.811575
2.818741
2.838239
2.8281
2.800868
2.841454
2.829869
2.833444
2.821821
2.846846
2.831071
2.82849
2.819864
2.829137
2.819632
2.812117
2.812895
2.825781
2.83547
2.853092
2.83614
2.844756
2.833025
2.826197
2.828454
2.844186
2.845777
2.831058
2.837249
2.843525
2.818664
3.184179
3.430622
2.828037
2.811239
3.148134
2.83763
2.823861
2.830931
3.36971
3.477182
2.82623
2.827439
3.350654
2.83243
2.826871
2.833411
2.82671
2.820615
3.293957
2.819542
2.825934
2.861574
2.833514
2.819733
2.828651
2.841729
2.851616
2.826475
3.361248
2.843847
2.822807
2.841208
2.814547
2.824265
2.822536
2.815049
2.875828
2.832228
2.816664
2.82685
2.834461
2.836862
2.843928
3.193902
2.83205
2.83399
2.813803
2.82918
2.831989
2.83951
2.807554
2.815375
2.832008
2.846425
2.82373
2.8461
3.357547
2.839382
2.839892
2.854293
2.828013
2.835694
2.811818
2.833154
2.844912
3.33707
2.838323
2.83241
3.390261
3.336479
2.823495
2.811117
3.19839
2.817127
2.837813
2.823533
3.408129
2.825305
2.832153
2.83568
2.827069
2.817195
2.804934
2.833987
2.82188
2.830422
3.465483
2.834718
2.837583
2.835422
2.818912
2.848325
2.813566
2.851011
2.848014
2.82266
3.414476
2.830803
2.838758
2.845208
3.369025
2.839853
2.836058
3.40224
3.071403
2.825674
2.830613
2.831161
2.836644
2.85613
2.860255
3.28368
2.82355
2.822779
2.800241
3.212534
2.820309
2.819805
2.811603
2.834699
2.826891
2.824423
2.820678
2.828766
2.838231
2.826515
3.377034
2.8232
2.813285
2.82164
3.210315
2.812982
2.826105
2.847793
3.322226
2.811643
2.829819
2.824702
2.824125
2.821059
2.832676
2.842738
2.830811
2.813203
2.86759
3.331501
2.836693
2.811078
2.823117
2.823466
2.826805
2.830739
2.825173
2.825288
2.843855
2.816054
2.830179
2.82786
2.866954
2.859215
2.857432
2.82549
2.831405
2.855086
2.82649
2.812524
2.840335
3.17656
2.819103
2.833212
3.078863
2.818097
2.836604
3.187958
2.846845
2.821513
2.821704
2.855964
3.385092
2.811248
2.812909
2.849031
3.472017
2.82874
2.819753
2.848658
2.825848
2.820495
2.850866
2.833053
2.819391
2.824462
2.848798
2.818099
2.812703
3.253885
2.815857
2.828081
3.139551
2.846353
2.830925
2.831547
2.818238
2.815987
2.849892
2.827885
2.807145
2.828974
2.848771
2.834026
2.827575
2.824727
2.845157
2.803358
2.843649
2.807431
3.424222
2.814927
3.313284
2.855262
2.815724
2.82596
3.232587
2.822926
2.849873
2.828966
3.270814
2.827966
2.832322
2.832727
3.446169
2.825116
2.822564
2.807246
2.835687
2.817111
2.832799
2.830497
2.85399
2.831508
2.825031
2.826811
3.155694
2.824947
2.828021
2.826369
3.338281
2.830783
2.813459
2.827461
2.811038
2.824798
2.812461
2.820707
2.814481
2.846799
2.823382
2.821207
2.828509
2.83888
2.823463
2.832664
2.82384
2.825958
2.824869
2.828643
2.824033
2.821928
2.832424
2.850983
3.240239
2.84789
2.815567
3.15274
2.812382
2.860207
2.859142
2.834089
3.432913
2.854955
2.83298
2.834467
2.831761
2.827881
3.346785
2.818845
2.810044
3.430324
2.822305
2.839316
2.828697
2.838942
2.81844
2.825296
3.286612
2.857266
2.833996
2.833895
2.852436
2.835559
2.814152
2.820973
2.838104
2.855171
3.502456
2.833729
2.838878
2.819333
3.491141
2.867371
2.817047
2.822352
3.417019
2.82071
2.81244
2.852728
2.813011
2.815596
2.841772
2.823231
2.819242
2.853925
3.382707
2.827706
2.831247
2.837862
2.833602
2.827031
3.200432
2.875106
2.8227
2.822412
3.463053
2.820478
2.829733
2.824585
2.822382
3.15202
2.831861
2.819935
2.826374
2.827471
2.831465
3.196503
2.828985
2.825823
2.826332
2.823251
2.823212
2.834555
2.825723
2.839891
2.831133
2.832743
2.820456
2.825057
2.810768
2.832492
2.834284
2.837362
3.137073
2.824161
2.813812
2.838365
2.823888
3.097727
2.819488
2.830472
2.819504
2.830386
2.835616
2.822239
3.429996
2.833267
2.820821
2.82644
3.449441
2.832182
2.844566
3.499434
3.311075
2.843819
2.821688
2.838377
2.82983
2.821659
2.839241
2.81819
2.826501
2.820591
2.824087
3.359285
2.839388
2.824128
2.829685
2.830943
2.826802
2.822028
2.871523
2.817548
2.832052
2.832503
2.821374
2.847765
3.210173
2.83629
2.849882
2.818495
3.355609
2.834566
2.808461
2.829494
2.815812
2.811496
2.819963
2.835905
2.849699
2.820045
2.817422
2.827578
3.184233
2.833938
2.820242
2.852747
2.803975
2.848103
2.832366
2.823563
3.237635
2.846014
2.828028
2.81868
2.826437
2.828109
2.837032
2.831189
2.841542
2.825414
2.82072
2.827621
2.842819
2.808657
2.820841
3.230798
2.807843
2.835149
2.831838
2.820578
3.384292
2.826369
2.822034
2.853811
2.809813
2.814906
2.825219
2.830761
2.818573
2.80953
2.821868
2.807469
2.832853
2.842557
2.812644
2.843229
2.832818
2.814422
2.814832
2.826527
2.841405
2.824016
2.826702
2.82965
2.824492
2.835513
3.324928
2.823171
2.817963
2.829501
3.252218
2.82935
2.84993
2.812214
2.830201
2.814015
2.812651
2.822522
3.365999
2.816957
2.816408
2.809122
2.837141
2.82344
2.813213
2.812047
3.021431
2.830704
2.860359
3.3567
3.381559
2.815905
2.812809
2.815703
3.224766
2.874514
2.82217
2.838472
2.821738
2.827718
2.830872
2.82305
2.827912
2.820358
3.350515
2.826327
2.82631
2.8103
2.816093
2.82188
2.825612
2.829645
2.815244
2.819109
3.280051
2.819041
2.813889
3.141356
3.495719
3.332269
2.827579
2.832785
3.476901
2.814971
2.815859
2.817448
2.814361
2.817209
2.810072
2.805455
3.440094
2.841957
2.836589
2.812372
2.826299
2.834095
2.830863
2.825855
2.820579
2.816462
2.836643
2.809616
2.826873
2.809565
2.839378
2.826359
2.833852
3.47192
2.81708
2.856363
2.829277
2.82212
2.841263
2.819569
2.830202
3.229777
2.821343
2.823359
2.854515
2.836198
2.826584
2.825128
2.821013
2.82183
2.826706
2.832183
3.388403
2.826959
2.831522
2.82078
2.808668
2.831678
2.833041
2.824041
2.828153
2.822174
2.81369
2.82828
3.275304
2.844122
2.836116
2.824129
2.818885
2.832425
2.835855
2.837083
2.827634
2.829166
2.822177
3.401853
3.358136
2.811056
2.823644
2.819795
2.813666
2.809581
2.839318
2.833474
2.826467
2.825931
2.820583
2.812669
2.827364
2.833239
3.367632
2.81753
2.809737
2.82286
2.820722
2.822531
2.82806
2.829283
2.819892
2.818207
2.842343
2.819414
3.19573
2.832706
2.845795
2.814901
3.343041
2.81706
2.860255
2.824011
2.822366
2.835376
2.816156
2.846062
3.039544
2.849221
2.831988
2.818304
2.825241
2.807174
2.840651
2.840068
2.826151
2.804849
2.821767
2.828117
2.813773
2.821821
2.836722
2.827924
2.818903
2.827758
2.824434
2.826047
3.406588
2.86501
2.846332
2.811016
2.825766
2.819395
2.827853
2.811929
3.375844
2.821711
2.836097
2.831081
2.830728
2.852026
2.839699
2.815762
3.14558
2.829767
2.825166
2.834286
3.386035
2.81367
2.822093
2.832682
3.442139
2.821082
2.8354
2.8198
2.820469
2.827533
2.821074
2.82418
2.823101
3.468052
2.832252
2.827419
2.831862
2.819586
2.812893
2.815586
2.828395
2.818024
2.825
2.815671
2.835679
2.829722
2.831312
3.186334
3.203814
2.830436
2.824985
2.860171
2.815229
2.82595
2.816403
2.823538
2.827592
2.856907
2.829181
2.8188
2.8157
2.823178
2.842708
2.831288
2.826036
2.865451
2.817821
2.851221
3.375082
3.284677
2.835002
2.822149
2.827992
2.834863
2.842826
2.828026
2.836073
2.815607
2.839045
2.814306
2.822083
2.816679
2.851784
2.829854
2.804074
2.830919
2.827514
2.827031
2.839688
2.837536
2.825324
2.805183
2.84044
2.824052
2.796864
2.816391
2.837494
2.824758
2.834111
2.8388
2.839833
2.815422
2.828984
2.831468
2.816621
3.016463
2.819102
2.822522
2.824328
2.823843
2.841877
2.840545
2.814461
2.816434
2.826919
2.815466
3.498918
2.818123
2.82625
2.827127
2.835983
2.834668
2.850345
2.829825
3.32282
2.803205
2.821875
2.816631
2.820981
2.806325
2.838367
2.849248
2.827088
3.22894
2.81248
2.822624
2.858336
2.828252
3.465596
2.825566
2.814877
2.842439
3.355637
2.824583
2.819783
2.816223
3.163542
2.824506
2.832476
3.039795
3.288637
2.829353
2.82969
2.846675
2.832906
2.823429
2.82005
2.852311
2.827417
3.34679
2.825141
2.811327
2.825305
3.226441
2.820722
2.821043
2.834476
2.831748
2.836873
2.817677
2.825239
2.829577
2.8269
2.814467
3.143849
2.829509
2.85175
2.80635
3.438328
2.842197
2.833827
2.817967
2.828798
2.834138
2.827591
2.824525
3.228081
2.820842
2.830271
2.818122
2.82398
2.829137
2.818969
2.821107
3.227965
2.820827
2.817283
2.817066
2.814227
2.830148
2.842029
2.846311
2.807014
2.831475
2.840555
2.855649
2.820951
2.831476
2.862555
2.838283
2.825849
2.809428
2.838458
2.818174
2.831256
2.858808
2.831555
3.246468
2.829224
2.824411
2.817122
2.824921
2.808383
2.841224
2.844749
2.826866
2.821193
2.827916
2.824035
2.825079
2.809978
3.460024
2.824522
2.822809
3.226112
3.497067
2.827197
2.844599
2.864296
2.816864
2.828727
2.84401
2.820031
2.839576
2.825733
2.845269
3.504503
2.832337
2.828241
2.810735
2.826975
2.838028
2.814665
2.816776
2.821483
2.834216
2.815526
2.842414
2.810711
2.820983
3.365481
2.827779
2.812845
2.821549
2.817181
2.851352
2.82053
2.816912
2.818122
2.819432
2.837954
2.831222
2.88351
2.828266
2.820277
2.818014
2.817804
3.470521
2.832855
2.843482
2.814876
2.830921
3.463625
2.830358
2.827819
2.826124
3.197268
2.830977
2.825297
2.805844
2.816761
2.830954
2.845428
2.825119
2.813787
2.82591
2.811056
2.832444
2.829792
3.336081
2.868941
2.83924
2.823772
2.810868
2.853927
2.843377
2.824743
2.824543
2.828143
2.83346
2.839491
3.456238
2.828297
2.820885
2.823134
2.824776
2.821394
2.816735
2.832004
2.822055
2.810763
2.84393
2.851437
2.818161
3.262515
2.847874
2.817032
2.810902
3.068334
2.817439
2.808974
2.826071
3.263021
2.858663
2.833958
3.183917
2.819532
2.850539
2.832859
2.825247
2.830379
3.17761
2.81725
2.834867
2.81041
2.82268
2.806516
2.817153
2.814604
2.808483
2.826443
2.824044
2.826295
2.817367
2.816087
2.831492
2.827606
2.828868
2.814109
2.828709
2.808694
2.837679
2.835723
2.82885
2.830307
2.836572
2.808677
2.83079
2.837122
2.853354
2.823716
2.840539
3.42822
2.83214
2.829528
2.828438
2.839341
2.824088
2.810312
2.82641
2.858374
2.79655
2.814752
2.815471
2.858408
2.818068
2.852414
3.349448
2.827577
2.826279
2.818958
2.822882
2.819463
2.823598
2.846423
2.849524
3.372021
2.839025
2.84334
2.85621
2.829991
2.848507
2.820738
2.82128
2.828353
2.839405
2.828529
2.830133
2.837139
3.223877
2.814639
2.807503
2.821466
2.818899
2.811303
2.823746
3.241954
2.852881
2.819764
2.842902
3.200996
2.850591
2.827049
2.823366
3.361919
2.821376
3.383223
2.829813
3.338674
2.829607
2.848145
2.823506
2.837228
2.828055
2.824722
2.816007
3.120472
2.822825
2.822093
2.813383
2.820571
2.821838
2.815117
2.838922
2.81855
2.835486
2.814586
3.029842
2.828665
2.843238
2.826405
2.816639
2.868651
2.827289
2.818844
2.830008
2.833475
2.823041
2.835344
2.831557
2.819867
2.83482
2.842816
2.836241
3.032742
2.835239
2.855791
2.817156
2.827872
3.373575
2.818695
2.831983
3.358337
2.817062
2.828824
2.800098
2.832579
2.846231
2.824673
2.829355
2.819839
2.828132
2.819383
2.812121
2.823965
2.830749
2.82385
3.317803
2.818062
2.828917
3.271251
2.830408
3.262664
2.834044
2.834974
2.802577
2.819983
2.830927
2.865636
2.814034
2.832574
2.838466
3.287209
2.830292
2.819233
2.824969
2.841228
2.829839
2.851128
2.834066
2.824013
2.821903
2.822226
2.840442
2.820951
2.830802
2.82288
2.835501
2.829641
2.816131
3.462788
2.820559
2.830616
2.819106
2.843185
2.832098
2.834938
2.863293
2.834117
2.81988
2.82914
2.826699
2.84306
2.820766
2.822782
2.84146
2.830186
2.83448
2.832428
2.848654
2.808147
2.826037
2.84446
2.816901
2.812375
2.818858
3.366818
2.825375
2.835906
2.847491
3.292667
2.82308
2.82534
2.823359
2.831287
2.832294
2.841055
2.835667
2.823215
2.825086
2.830459
2.828123
2.827459
2.823753
2.857031
2.826405
3.261238
2.840362
2.844634
2.82706
2.836245
2.839731
2.828655
2.832148
2.863032
2.826275
2.823442
3.245356
2.836483
2.822214
2.817813
2.817055
2.82544
2.836299
2.827656
2.827685
3.311609
2.841325
2.830806
2.833254
3.326367
2.82849
2.825594
2.820359
3.368234
2.83644
2.831885
2.830813
2.828278
2.843821
2.825602
2.812327
2.840662
2.820576
2.824166
3.272617
2.832608
2.822799
2.812433
2.830753
3.335631
2.80549
2.844404
2.821017
3.372665
2.821021
2.848518
2.842361
2.809397
2.823814
2.826464
2.807202
2.848087
2.817145
2.831528
2.841247
2.816593
2.833996
2.825565
2.830253
2.821002
2.81741
2.837515
2.855759
2.840242
2.82687
2.832171
2.818668
2.842117
2.830352
2.817189
2.834595
3.476993
2.816184
2.817037
2.831729
2.849281
2.812743
2.843328
2.839567
2.819605
2.805483
3.35862
2.825485
2.826166
2.8188
2.826905
2.830013
2.81694
2.825232
2.833043
2.827475
2.814061
2.814357
2.814115
2.825951
2.815205
2.813572
2.835868
3.503716
2.856143
2.826288
3.273582
2.811283
2.823279
2.816352
3.293294
2.806483
2.830119
2.851104
3.474512
2.820357
2.831997
3.047515
3.390254
2.813635
2.830104
2.823608
2.817353
2.85088
2.833005
2.829951
2.824473
2.829016
2.820108
2.81267
3.38161
2.827205
2.818433
2.829192
3.233711
2.819709
2.832107
2.850212
2.832332
2.805182
2.829136
2.827636
2.836047
2.826898
2.825822
2.823073
2.81809
2.817267
2.814408
2.822101
2.828489
2.856816
2.824397
2.821927
2.830595
2.811595
2.825606
2.858188
3.362607
2.81845
2.832919
2.812416
2.819669
2.822967
2.843653
2.816095
3.389535
2.82601
2.854592
2.818642
3.545901
2.84828
2.832048
2.825216
3.405467
2.816553
2.832145
2.852552
3.335548
2.826393
2.815241
2.807485
2.831636
2.844481
2.836467
2.81982
2.824043
2.839639
3.498913
2.848469
2.828166
2.834706
2.82918
2.83219
2.835247
2.833483
2.852702
3.116623
2.829583
2.817424
2.804045
2.815121
3.127152
3.156491
2.822666
2.810186
2.838907
2.818014
2.846293
2.826123
2.812246
2.826729
2.81033
2.841395
2.827495
2.823819
2.829739
2.805007
2.823068
2.823833
2.825081
2.821846
2.838616
2.820896
2.8129
2.828494
3.410228
2.80928
2.817552
2.834948
2.828105
3.279463
2.831616
2.827057
2.799676
2.822575
2.836099
2.829958
2.840221
2.828687
2.829675
2.823884
2.806699
2.82586
2.829086
2.827691
2.850097
2.821107
2.843637
2.837903
2.814745
2.820581
2.818899
2.822337
2.81037
2.838936
3.368149
2.830684
2.835053
2.864171
2.80656
2.815553
2.820945
2.824358
2.836452
2.818837
2.845154
2.81739
2.826892
2.826416
2.82337
2.8322
2.83995
2.817039
2.820003
2.807213
2.816543
2.827251
2.818615
2.804696
2.837292
2.838043
2.833493
2.831216
3.421785
2.844379
2.82333
2.812336
2.824453
2.867335
2.819313
2.828088
2.80471
2.839878
2.820494
2.830113
3.243707
2.806741
2.834772
2.818788
3.296152
2.826597
2.816593
2.80528
3.432442
2.817572
2.816138
2.818992
2.811466
2.84014
2.836338
2.823353
2.826978
2.846524
2.845504
3.248504
2.856263
2.822947
2.863854
2.840192
2.823957
2.836756
2.82243
3.113755
3.352406
2.825726
2.820172
2.841865
3.262158
2.831697
2.815442
2.817708
3.281023
3.275516
2.841031
2.82048
2.826769
2.841033
2.826381
2.832886
2.8109
2.829238
2.813871
2.826222
2.833963
2.831041
2.860006
2.823415
3.485718
2.823778
2.813095
2.833363
3.142404
2.82649
2.819902
2.813349
2.816232
2.81965
2.837924
2.817197
2.850881
2.820338
2.825953
2.834469
2.823395
2.829447
2.828582
2.829112
2.829324
3.326928
2.833194
2.816305
3.408433
2.827117
2.81339
2.841494
2.82503
2.844421
2.821628
3.287573
3.337054
2.810157
2.825332
3.164393
2.824667
2.827801
2.831355
2.842401
3.442277
2.807037
2.825296
2.834894
2.810216
2.832298
2.827972
2.823053
2.839141
2.817306
2.811996
2.83186
3.520053
3.520884
2.843672
2.849906
2.83574
2.824544
2.838483
2.839538
2.852293
2.821562
2.829641
2.828944
3.346665
3.399498
2.82614
2.845562
2.828659
3.45258
3.395329
2.825771
2.819703
2.838995
2.819362
2.819341
2.819889
2.817826
2.842819
3.239867
2.835103
2.827364
2.850303
2.828433
2.813481
2.819769
2.832374
2.830291
2.857794
2.831678
2.835681
2.830002
2.8106
2.830208
2.835219
2.814961
2.829199
2.818067
2.81412
2.823303
2.817162
2.819942
2.835864
2.826252
2.822536
2.819851
2.833303
3.303719
2.822066
2.804009
2.824366
3.329423
3.486851
2.810411
2.825374
2.822416
2.824573
2.821686
2.836906
3.369744
2.849634
2.816664
2.828891
3.498558
3.417192
2.842382
2.837025
3.111917
2.824023
2.821206
2.827915
2.847048
2.82557
3.377962
2.824823
2.830071
2.827867
2.824382
2.823208
2.819779
2.829866
2.827579
2.828348
2.823089
2.820414
2.822416
2.811595
3.269425
2.831712
2.826884
2.832499
2.854953
2.827924
2.831879
2.835966
2.843093
2.811116
2.844656
3.256715
3.373573
2.836702
2.82062
2.843631
2.830468
2.817845
2.830321
2.845088
2.816069
2.828676
2.828519
2.824415
3.30211
2.843673
2.852444
2.827799
2.819975
2.804244
2.850414
2.839424
2.809288
3.199783
2.831428
2.84508
2.822091
2.820443
2.834798
3.345389
2.807136
2.835343
2.83458
2.827462
2.810916
2.820881
2.858239
2.815688
2.819405
2.829033
2.817716
2.830686
3.487023
2.830986
2.830784
2.82031
2.85525
2.822463
2.807121
2.828605
2.818504
2.833283
2.849931
2.805331
3.248052
2.834886
2.839887
2.842755
3.279278
2.860913
2.824957
3.182856
3.234178
2.83451
2.826972
2.831622
2.848967
2.823759
2.839182
2.825461
2.823058
2.83051
2.830224
2.835723
2.844218
2.824615
2.819302
2.828616
2.841583
2.798332
2.8185
2.811379
2.827756
2.820421
2.814444
2.843893
3.223212
3.380575
2.832196
2.827506
2.821214
3.301843
3.050579
2.821502
2.819386
2.855705
2.847335
2.836003
2.81749
2.836574
2.864118
2.823725
2.8173
2.826597
2.818411
2.834472
2.837107
2.815205
2.833767
3.399138
2.828441
2.867528
2.808813
2.825741
2.828367
2.831288
3.375879
2.833719
2.839469
2.824081
3.310102
2.805048
2.816733
2.813653
3.319809
2.816863
2.825628
2.838076
2.820184
2.819101
2.835894
2.862394
2.826123
2.820519
2.848873
2.86743
3.317153
2.840833
2.800655
2.820778
2.816283
2.840945
2.818539
2.807525
2.836814
2.812172
2.820953
2.816139
2.830606
2.8399
2.82973
2.811613
2.840628
2.825444
2.819124
2.823962
2.859048
2.831449
2.851427
3.40627
2.810138
2.843507
2.806873
2.834159
3.298421
2.838675
2.815094
2.842611
2.81992
2.821787
2.829365
2.818545
2.831391
2.828596
2.817143
2.83806
3.337389
3.331476
2.815802
2.830065
2.82861
2.838129
2.834151
2.828118
2.831513
2.833548
2.813225
2.83379
3.270142
2.834743
2.828155
2.817878
2.808882
3.210998
2.81843
2.825561
2.845816
2.810008
2.83142
2.839688
2.818125
2.816261
3.467951
2.819923
2.824617
2.814682
2.837493
2.818575
3.227571
2.829146
2.820901
2.823878
3.309225
2.853335
2.833069
2.839156
3.234693
2.83085
2.849098
2.881197
2.826123
2.824072
2.821885
2.870005
3.280378
2.822715
2.819168
2.829047
3.361118
2.824359
2.855203
2.835634
2.826209
2.820386
2.806276
2.839064
2.844679
2.845155
2.81904
2.813726
2.824772
3.221478
2.842188
2.853908
2.845905
2.825366
2.828183
2.835339
2.827386
2.826815
2.823539
2.838436
2.838241
2.817357
2.846487
2.819483
3.455478
2.836629
2.814089
2.828961
2.822594
2.834832
2.83494
2.821055
2.829991
2.833576
3.43808
2.830497
2.842231
2.837334
3.376343
2.822021
2.830032
2.836334
3.365192
2.81696
2.828411
2.835935
2.814435
2.818228
2.823061
2.824491
2.823883
3.297323
2.822997
2.822068
2.819188
2.842992
2.8202
2.842806
2.87054
2.817249
2.811339
2.822583
3.512475
2.812322
2.827753
2.827053
3.493626
2.820619
2.827694
2.83972
3.327614
2.831202
2.817726
2.828372
2.83209
2.823609
2.822356
2.832041
2.802954
2.813083
2.855868
2.819319
3.423595
2.823972
2.840333
2.818627
2.831763
2.836353
2.824592
2.846455
2.806672
2.821219
2.822473
2.819517
2.828599
2.831841
2.822854
3.065644
2.819848
2.815829
2.8216
2.818264
2.851372
2.829634
2.836916
2.836407
2.837826
2.823699
2.842566
2.816255
3.306357
2.831655
2.829496
2.809791
2.817437
2.844677
2.823262
2.817118
2.851987
3.296968
2.812479
2.823363
2.8452
2.828964
2.819212
2.813478
3.407568
2.817766
2.829445
2.829566
3.23399
2.833142
2.818727
2.838127
3.295844
2.826317
3.065892
2.83294
3.11991
2.814403
2.807709
2.825093
2.830611
2.820267
2.838707
2.841445
2.81022
2.82711
2.828025
2.83653
2.831153
2.821961
2.813353
2.80598
2.855683
2.820192
2.832706
3.369278
2.827675
2.828408
2.834355
2.810184
2.834948
2.815361
2.824258
2.829925
2.850206
2.837672
2.804899
2.815965
2.828115
2.845547
2.811028
2.835672
3.409242
2.81977
2.823689
2.832456
2.843782
3.198413
2.808715
2.821612
3.252573
2.821233
2.830195
2.832056
2.83588
2.836321
2.831109
2.830065
2.829774
2.834132
2.828968
2.821743
2.823001
2.832478
2.82013
2.803083
2.84902
3.515853
3.381574
2.837468
2.861982
2.819326
2.833889
2.822754
2.825236
2.840411
3.139392
2.822262
2.815553
2.825762
2.83785
2.823639
2.816087
2.849533
2.830982
2.831363
2.839715
2.822446
2.81773
2.834258
2.836563
2.82742
2.824505
2.813417
2.821457
3.279833
2.829047
2.815322
2.831071
2.823654
3.00746
2.82637
2.809174
2.807004
3.375966
2.837142
2.841022
2.831836
2.828088
2.807332
2.829548
2.830655
2.82471
2.833597
2.818992
2.817509
3.312186
3.191772
2.826224
2.815146
3.169956
2.854789
2.861541
3.423557
3.23907
2.832758
2.831769
2.825353
3.313991
2.812233
2.816394
3.290479
2.818877
2.821532
2.811961
2.824354
2.819774
2.846753
2.845308
2.80571
2.836459
2.85225
2.82376
2.823926
2.864751
2.818824
2.818828
2.827034
3.424356
2.859761
2.822788
3.406212
2.82985
2.834872
2.832723
2.819293
2.846594
2.831964
2.837116
2.821899
2.810661
2.82387
2.819402
2.815109
3.269951
2.820918
2.821292
2.821608
3.292308
2.823502
2.825777
2.846998
2.828445
2.823374
2.827708
2.828088
3.60384
2.82077
2.853943
2.833453
2.817292
2.806248
2.827547
2.836829
2.850046
2.824538
2.821845
2.834784
2.835804
3.288267
2.819275
2.826342
2.822276
2.83222
2.83481
2.814488
2.821899
2.82468
2.843371
2.830821
2.823162
2.822674
3.403005
2.830151
2.826629
2.868748
2.831764
2.821989
2.815197
2.81144
2.815787
2.841252
3.222933
2.832324
2.818574
2.828684
3.193939
3.168395
2.836985
2.833436
3.130185
2.830155
2.830763
2.843609
2.823715
2.82407
2.825144
2.858692
2.822765
2.853866
2.845627
2.819626
2.798794
2.81927
2.825825
2.809005
2.824377
2.849715
2.835622
2.830119
2.835275
2.816128
2.822961
2.822499
2.828541
2.839058
2.837767
2.831436
2.841995
2.827461
3.441988
2.818999
2.818339
2.827352
3.186576
2.82805
2.822442
2.817127
2.830112
3.274766
2.832891
2.835919
2.82981
2.828212
2.830343
2.8506
2.821624
2.83121
2.824447
3.216967
2.817361
2.805041
2.827912
2.83928
2.813386
2.827856
2.838397
2.831302
2.852021
2.822709
3.235475
2.834478
2.822844
2.824333
2.859609
2.829569
2.825151
2.832281
2.819761
2.838993
2.830383
2.825886
2.83649
2.815069
2.824785
2.825057
2.830731
2.824922
3.320298
2.835412
2.826922
2.847037
2.820286
2.837041
2.818616
2.852432
2.816467
2.841317
3.231822
2.814455
3.273088
2.831722
2.812257
2.833141
2.836066
3.219917
2.826923
2.83631
2.824967
2.83191
2.823619
2.821566
2.808589
2.813776
2.844742
2.82341
3.244829
2.858356
2.809892
2.832069
2.820977
2.832007
2.847926
2.816087
2.840035
2.816108
2.844061
2.824187
2.811619
2.829543
2.826293
2.822327
2.833537
2.837527
2.816524
2.81712
3.133747
2.844713
2.851135
2.821134
2.819041
2.815766
2.818598
2.815339
3.307271
2.827528
2.809353
2.833943
2.850524
2.822419
2.819619
2.849448
2.810805
2.823222
2.826111
2.825124
3.324966
2.823482
2.824422
2.823525
3.275025
2.821633
2.832841
2.844078
2.819548
2.827742
2.832728
2.820152
2.814564
2.836602
2.832206
2.831092
2.854477
2.840683
2.83052
2.814533
2.806982
2.805134
2.808646
2.810013
2.826733
2.828457
2.823625
3.11344
3.421087
2.847203
2.820344
2.824578
3.421534
2.823091
2.830166
2.818574
3.187257
2.849567
2.827546
2.812605
3.316791
2.847209
2.826654
2.852014
2.829969
2.817947
2.838347
2.839782
2.82459
2.825543
2.840806
2.826244
2.833724
2.812036
2.819258
2.831446
2.821995
2.822896
2.831678
2.820931
2.822683
2.822258
3.184491
2.834394
2.809317
2.828528
2.841315
2.818884
2.829603
2.827328
2.816633
2.843471
2.827233
2.820943
2.812072
2.852708
2.830508
2.821407
2.817912
2.855066
2.825531
2.838753
2.848637
3.337455
2.82282
2.839562
2.809483
2.816053
2.822269
2.830245
2.862605
2.824036
2.840055
3.386478
2.832929
2.81822
2.811248
3.333817
2.8317
2.815592
2.829481
2.825551
3.446328
2.826045
2.842888
2.832601
3.291381
2.827641
2.850416
2.825863
3.420884
3.278423
2.834593
2.848683
2.815888
2.829506
2.824738
2.815764
2.814208
2.83138
2.828122
2.8168
2.827722
2.820756
2.818447
2.828265
2.868161
2.831299
2.830567
2.866464
3.255408
2.821358
2.849174
2.834072
2.825721
2.821341
2.830705
2.863918
2.833491
2.823455
2.810883
2.815678
2.827505
2.832557
2.827699
2.818403
2.798452
2.835288
2.818337
2.820655
3.262494
2.818764
2.841704
2.837231
2.839504
2.8381
2.838659
3.457997
3.271626
2.835419
2.820007
2.858167
3.239491
2.83083
2.837391
2.822992
2.845927
2.826081
2.846452
2.830605
2.800825
2.831969
2.82248
2.828742
2.840175
2.815636
2.836544
2.816459
3.351356
3.259598
2.809537
2.859033
2.813333
2.828779
2.805472
2.818797
2.823085
2.842681
2.823539
2.842842
2.816639
2.839067
2.830449
2.835729
2.846656
2.848797
3.39188
2.827382
2.818958
2.83211
2.829159
2.825586
3.255712
2.814682
2.8215
2.83453
3.403679
2.818706
2.843386
2.856235
3.440929
2.827467
2.83254
2.829819
2.83309
2.833369
2.840818
2.811156
2.824625
2.834887
2.827863
3.237719
2.848288
3.002691
2.823397
2.830679
2.807699
2.805058
2.827684
2.842857
2.825097
2.834487
2.845595
2.836038
2.813103
2.832275
2.830139
2.827209
2.833158
2.854948
3.235787
2.816868
2.849695
2.852597
2.826605
2.815202
2.846007
2.83635
3.177898
2.818229
2.843972
2.826246
2.87058
2.82945
2.819232
2.85088
3.486696
2.831772
2.827306
3.31136
3.417877
2.855099
2.826723
2.834228
2.836733
2.806544
2.829214
2.817621
2.849315
2.829058
2.845481
2.818708
2.830773
2.848516
2.847609
2.811887
2.853225
2.821904
2.854737
2.811332
2.844469
2.828104
2.832465
2.838344
3.259437
3.33011
2.82605
2.826951
3.334015
3.306321
2.828894
2.813546
3.363187
2.829075
2.849136
2.804221
3.028027
2.82224
2.808249
2.807244
3.438825
2.822954
2.839499
2.825383
2.837014
2.827497
2.819382
2.815433
3.35625
2.836421
2.816687
2.823166
3.084519
2.826775
2.825905
2.817836
2.80794
2.820673
2.866249
2.830862
2.837678
2.827706
2.819449
2.825721
2.840252
2.837057
2.819274
3.459974
2.820132
2.821965
2.821277
2.823394
2.81446
2.824153
2.841905
2.832533
2.865078
2.831568
2.831691
2.848964
3.032977
2.809184
2.80905
2.823768
2.815852
3.33251
2.835371
2.824919
2.852104
2.858991
2.828279
2.810461
3.293422
2.823186
2.825474
2.820207
3.434473
3.368909
2.811933
2.833622
3.413342
2.843093
2.813152
2.838362
2.850455
2.819331
2.801997
2.825036
2.816653
2.821343
3.363706
2.834738
2.818481
2.811799
2.817688
2.841574
2.828992
2.829421
2.838064
2.83874
3.243934
2.813867
2.815645
3.352507
2.8203
2.820938
3.404755
2.867377
2.824968
2.835662
2.819838
2.830486
2.814445
2.850286
2.809366
2.822793
2.831784
2.822112
2.832981
2.832689
2.831384
2.821089
2.851215
3.192164
2.806408
2.845487
2.81823
2.844161
2.838674
2.813253
3.311095
2.825573
2.836118
2.831756
3.334342
3.419468
2.840284
2.821597
3.399453
2.827372
2.824605
2.838016
2.837986
2.81577
2.832533
2.8178
3.279166
2.824798
2.827954
3.353256
2.837524
2.836966
2.839672
2.827732
3.472933
2.827478
2.837049
2.816098
2.819756
2.817987
2.806561
2.817126
2.811166
2.826532
2.816176
2.813474
2.822939
2.835188
2.842423
2.820797
2.830485
3.405674
2.847525
2.834313
3.230371
2.807618
2.840797
3.38305
2.825392
2.835196
2.83376
2.819416
3.482217
2.83406
2.831527
2.837475
3.20649
2.842527
2.822818
2.816919
3.295744
2.83045
3.289338
2.81266
2.799092
2.827027
2.826505
2.840122
2.824905
2.812647
2.811207
2.825554
3.348108
2.830779
2.823797
2.819522
2.831414
2.824153
2.818405
2.823273
2.839012
2.827591
2.816843
2.838421
2.823314
2.823817
2.814449
2.84597
2.829041
2.868178
3.41958
2.825093
3.442553
2.847985
2.822799
2.847771
3.337061
2.841182
2.848457
2.821483
3.352496
2.851033
2.816863
2.862563
2.830473
2.830575
2.832379
2.832945
2.81921
2.832704
2.86007
2.830775
2.822448
2.825015
2.822335
2.828718
3.131941
2.835979
2.812815
2.847393
3.308405
2.81783
2.824302
2.843247
2.815379
2.804682
2.832216
2.832447
2.819698
2.846778
2.835223
2.816187
2.836745
2.821495
2.834316
2.827099
2.81521
2.828106
2.817463
2.829765
2.81053
2.810029
2.857648
2.83558
2.831517
2.816074
2.818181
2.818041
2.850587
2.835681
3.206494
2.828451
2.835489
2.850394
3.318868
2.841822
2.83546
2.809611
3.309434
2.882128
2.850277
2.815358
2.829138
2.82223
2.831841
2.869819
2.825761
2.816519
3.402698
2.817035
2.817106
2.837461
2.821437
2.816612
2.813912
2.812667
2.820367
2.814925
3.381321
2.827059
2.855739
2.814285
3.427988
2.823994
2.836844
2.863105
3.289904
2.835701
2.828366
3.223796
2.823358
2.811801
2.808798
2.83535
3.292915
2.822946
2.821863
2.835388
2.823259
2.821463
2.835052
2.819296
3.421049
2.830995
2.826602
2.836922
3.28057
2.828222
2.81194
2.826069
2.841358
2.844763
2.831128
2.819395
2.843404
2.828436
2.827749
3.389697
2.810694
2.828133
2.831563
2.823548
2.82168
2.820024
2.831919
2.819652
2.795701
2.827132
2.838171
2.815198
2.820183
2.818622
2.844942
2.804862
2.829177
2.836646
2.812476
2.825198
2.822243
3.386954
2.837089
2.812093
3.381362
2.834264
2.843793
2.823928
3.210296
2.820935
2.818075
2.82733
3.412521
2.831455
2.823592
3.307194
3.365149
2.845956
2.814094
2.840705
2.831422
2.81639
2.826954
2.821166
2.814101
2.829285
2.808525
2.85528
2.830005
2.81735
2.810136
3.317741
2.831203
2.817316
2.829395
2.826832
2.823078
2.814206
2.827222
2.814871
2.812995
2.816621
2.81712
2.815783
2.859644
2.822939
2.81467
2.843227
2.832615
2.828066
2.821249
2.81276
2.818991
2.830689
2.833499
2.80622
3.282549
2.846049
2.805196
2.869715
2.824251
2.842399
2.826535
2.826487
3.341806
2.871477
2.817665
2.82302
2.844563
2.841614
2.838516
2.84652
2.823159
2.830632
2.836504
2.822245
2.816248
2.857977
2.829433
2.841646
2.830549
2.833582
3.128595
2.812905
2.824741
2.81951
2.822012
2.827793
2.816933
2.8244
2.808013
2.8224
2.85118
2.822216
2.811671
2.835697
2.819971
2.854681
2.823327
2.815255
2.814003
2.829823
2.835354
2.864225
2.83552
2.816119
2.837814
2.81893
2.840108
2.817616
3.307321
2.819759
2.82301
2.824521
3.529182
2.822991
2.83279
2.815605
2.841328
2.832807
3.272225
2.846142
2.822494
2.810364
2.843721
2.824812
2.823486
2.8292
2.828781
2.829437
3.311824
2.848774
2.814178
2.822137
3.159038
2.836171
2.818825
2.839939
3.440417
2.828902
2.826349
2.827605
2.831677
2.861819
2.872442
2.844204
2.828724
2.826485
3.403814
2.834138
2.825556
2.81493
2.847119
2.836786
2.824325
2.83688
2.820737
2.828265
3.124303
2.837602
2.823663
2.82253
2.819944
2.840478
2.835145
2.845208
2.818903
2.831436
2.825961
3.435262
2.816783
2.816134
2.814403
2.856029
3.406504
2.859997
2.830445
2.828216
3.434773
2.854392
2.816289
2.830486
2.826243
2.831204
2.827521
2.821785
2.834717
2.808509
2.818007
2.833169
2.826683
3.28339
2.827096
2.821389
2.840244
3.268757
2.839533
2.838355
2.83551
2.815855
2.841198
2.811334
2.817741
2.829529
2.827657
3.387437
2.80682
2.834299
2.841198
2.813555
2.843323
2.854032
2.834698
2.831463
2.84427
2.819635
2.833409
2.857675
2.830459
2.853413
2.832492
2.85558
2.95715
2.831923
2.816816
3.111272
2.833849
2.830044
2.833395
2.865944
2.825674
2.831441
2.825585
3.432266
3.26796
2.828449
2.817099
2.823167
2.820153
2.808348
2.847131
2.837715
2.82441
2.823339
2.827803
2.816272
2.834902
2.82368
2.825846
2.833442
2.843492
2.809182
2.828678
2.813027
2.817164
2.813309
2.832894
2.831041
2.831083
2.842383
3.414035
2.829079
2.815779
2.82214
3.343224
2.819937
2.83223
2.838164
2.836619
2.826557
2.833061
2.824195
3.235229
2.818532
2.835146
2.828572
2.811561
2.850114
2.822109
2.831696
2.847967
2.822471
2.844386
2.82354
2.839886
2.827986
2.825203
2.844598
2.827982
2.835754
2.82034
2.828632
2.815216
2.82801
2.827719
2.821741
2.823307
3.270405
2.827791
2.844029
2.829376
2.828828
2.815908
2.856472
2.812738
2.837019
2.827855
2.844081
3.421007
2.829292
2.827449
2.818511
3.351553
2.834092
2.828007
2.818539
3.301954
2.833426
2.828501
2.827324
2.834366
2.818392
2.830579
2.851689
2.83558
2.820528
2.828939
2.830128
2.830484
2.824428
2.814633
2.817707
2.819536
3.500237
2.829684
2.823523
2.82646
2.819448
2.8265
2.826253
2.81527
2.832674
2.817643
3.356202
2.838126
2.828364
2.882162
2.846089
2.825125
2.817585
2.840175
2.837605
2.833065
2.822576
2.807626
2.832152
2.828233
2.824166
2.841779
2.814303
3.218464
3.292935
2.8702
2.818716
2.846742
2.840121
2.811682
2.813063
2.825537
2.84267
2.824333
3.343715
2.825167
2.839085
2.826614
2.824411
2.854376
2.85874
2.827286
2.820683
2.826757
2.79521
3.423676
2.858233
3.443476
2.829247
2.82897
2.827664
2.846293
3.294491
2.840326
2.861727
2.812027
2.831378
2.828998
2.848756
2.818374
3.200203
2.833375
2.831061
2.836485
2.831293
2.832359
2.825171
2.834784
2.823573
2.824801
2.832004
3.384944
2.832743
2.82419
2.836928
3.20061
2.823681
2.839421
2.829313
3.531837
3.217387
2.832717
2.823087
2.82303
2.826381
2.826172
2.817011
3.260752
2.863582
2.813186
2.822099
2.809545
2.840563
3.367681
2.861398
2.869001
2.819628
3.510723
2.817109
2.851807
2.849442
3.357911
2.812474
2.832858
3.221118
3.272615
2.828697
2.838699
2.811595
2.819275
2.821108
2.829123
2.829763
2.84343
2.818036
2.836352
2.819654
2.820485
2.838625
2.83322
2.863121
2.816065
3.324315
2.874907
2.826024
2.862213
3.085085
2.835438
2.818568
2.825717
2.827626
2.819881
2.811807
2.831336
2.8296
2.829448
2.833939
2.821769
2.835849
2.833898
2.834112
3.376802
2.80947
2.820088
2.822662
2.8244
2.822051
2.842487
2.858947
3.217034
2.848878
2.815851
2.83434
2.817447
2.82337
2.837574
2.807844
2.829522
2.844896
2.813952
2.82032
2.845798
2.836874
2.808998
2.821483
2.814059
2.819928
2.820572
2.829265
2.819088
2.826242
2.824571
3.307366
2.821597
2.841226
2.827144
2.822007
2.812983
3.095629
2.81817
2.839271
2.835415
3.160331
2.829529
2.838297
2.832015
2.823338
2.845432
2.804288
3.360899
3.370367
2.823854
2.817422
2.830562
2.82874
2.836804
2.829551
2.822306
2.812672
2.835367
2.809894
3.417796
2.8346
2.825891
2.846724
2.837303
3.213906
2.848925
2.840472
3.310995
2.849644
2.845161
2.832572
2.818333
2.837598
2.819946
2.83829
3.118055
2.822418
2.815754
2.816241
2.856738
2.838568
2.822805
2.829432
2.846414
2.822151
2.820424
2.820713
2.854249
2.827161
2.804025
3.26422
2.8508
2.82402
2.830575
2.835384
3.393501
2.831874
2.819484
2.864016
3.286975
2.824658
2.827846
2.821702
2.824851
2.843747
2.831296
2.828795
2.822993
2.84209
2.822355
2.846272
3.214487
2.825514
3.097513
2.84554
2.811094
2.815511
2.806784
2.830128
2.864358
2.826757
2.82804
2.839042
2.836372
2.819739
2.806841
2.841596
2.825177
2.837647
2.826949
2.840073
2.832084
2.829649
2.858064
2.823658
2.822732
2.824291
3.396044
2.818649
2.810458
2.812613
3.243982
2.845661
2.825597
2.827524
3.460242
2.820938
2.8348
2.815653
2.811908
2.856439
2.860873
2.832296
2.814701
3.289819
2.857358
2.825969
3.258402
2.832426
2.824005
2.817
2.819156
2.819065
2.831966
2.836007
2.835002
2.836598
2.83852
2.818607
2.81339
2.829462
2.816798
2.85342
2.832715
2.819027
2.821969
2.82721
2.826483
2.820353
2.84745
2.827747
2.848805
2.850181
2.853185
2.855159
3.092645
2.827891
2.829932
2.8331
2.86657
2.82705
2.824701
2.828638
2.83178
2.834905
2.82669
2.827405
3.167372
2.863963
2.835622
2.811737
2.809444
2.816546
2.814626
2.831671
2.810071
2.819787
2.82147
2.811835
3.443238
2.830938
2.805337
3.455645
2.824506
2.830035
2.841595
2.819408
2.817806
2.838726
2.807564
2.844424
2.827406
3.343945
2.814071
2.823719
2.817561
2.840335
2.85103
2.830817
3.242717
2.813092
2.817657
2.836175
3.365401
2.838864
2.825905
2.819213
3.448329
2.849736
2.839206
2.82329
2.831718
2.827985
2.834259
2.814912
3.005275
2.807516
2.84828
2.817735
3.173524
2.827658
2.822917
2.805454
2.837575
2.852032
2.860681
2.811506
2.832592
2.817578
2.82646
3.261683
2.815271
2.819439
2.833938
2.814527
2.807818
2.827185
2.828472
2.842296
2.820206
2.820334
2.830017
2.830935
2.83517
2.835163
2.83575
2.816824
3.26857
2.843639
2.826439
2.811817
2.825301
2.83693
2.826172
2.825078
2.860216
2.810058
2.833595
2.824408
2.820289
3.184367
2.815735
3.088918
2.820594
2.834308
2.825385
3.44348
2.836574
2.817176
2.822357
2.812262
2.826542
2.83231
3.317864
2.829886
3.248492
2.820528
2.809936
2.833511
2.823238
2.818529
2.831405
2.827438
2.817415
2.85082
3.33832
2.817772
2.846724
2.817752
2.849385
2.841194
2.825821
2.825725
2.843112
2.83251
2.838135
2.838653
3.249116
2.8161
2.812044
2.816516
2.820736
2.828445
2.829337
2.879503
2.830219
2.823271
2.822198
2.83343
2.834985
2.826572
2.823924
2.836772
2.824387
2.811281
2.845685
2.835438
2.851227
2.825482
2.830186
2.843374
2.862891
2.847928
2.833567
2.825805
2.806199
2.825042
2.836942
2.825779
3.410453
2.82838
2.816778
2.832064
3.418057
2.819229
2.824948
2.850742
2.819323
2.815897
2.824831
2.824587
3.12131
2.824519
2.826994
2.848333
3.307997
3.198012
2.821273
2.839557
3.428995
2.827969
2.817689
2.828375
2.819409
2.823357
2.818706
2.828876
2.834871
2.854421
2.823626
3.230872
2.81651
2.82902
2.819673
2.85167
2.822146
2.826081
2.82256
2.832392
3.21157
2.810513
2.814988
2.815963
3.3833
2.841052
2.826694
2.844898
3.113511
2.813971
2.832808
2.832843
2.817326
3.172496
2.819042
2.817053
3.301494
2.828664
2.826249
3.400583
2.820843
2.819722
2.807605
2.831375
2.820963
2.816628
2.856127
2.819577
2.85932
2.833783
2.833115
2.832837
2.832805
2.853647
2.820169
2.80535
2.826821
2.816927
2.828736
2.82907
2.827827
2.833964
2.821485
2.833214
2.810061
2.810461
2.827855
2.820859
2.819005
2.839913
3.276635
3.398981
2.84559
2.837062
3.423814
2.840437
2.820533
2.824478
3.332934
3.426297
2.843037
2.823349
3.268934
2.842617
2.812509
2.854465
2.837743
2.832756
3.238146
2.804898
2.820504
2.81078
2.833201
2.828143
2.843249
2.857886
3.417959
2.836742
2.840097
2.85445
3.426354
2.818912
2.821949
2.821266
3.227714
2.818576
2.817644
2.810113
2.829738
2.810284
2.817787
2.828377
2.843768
2.825358
2.825744
3.267128
2.837058
2.842164
2.839877
2.816209
2.826356
2.829144
2.827914
2.820669
2.82773
3.286511
2.832241
2.823409
3.3282
2.8351
3.322749
2.840372
2.831866
2.837158
2.827413
2.81354
2.809742
2.835026
2.837084
2.828801
2.825795
2.83173
2.822854
2.838271
2.821663
2.830386
2.834633
2.828246
2.821197
2.817338
2.841205
2.822068
3.106295
2.839035
2.840376
2.825455
2.825207
2.821418
2.827779
2.841238
2.833129
2.836894
2.829081
2.828546
2.837938
2.880467
2.825891
2.816058
2.825412
2.825435
2.820386
2.829438
2.85141
2.816195
2.853669
2.826897
2.818044
2.82117
2.847898
2.835945
2.839965
3.295601
2.827041
2.834518
2.838462
3.30428
2.859235
2.837522
2.80667
2.828766
2.844948
2.818033
2.849082
2.853083
2.806397
2.820471
3.304298
2.819898
2.85855
2.8393
3.462107
2.82342
2.821734
2.853866
3.469918
2.813727
2.81592
2.834994
2.820478
2.846069
2.832849
2.830445
2.835203
2.812368
2.81777
3.437385
2.845372
2.836894
2.814846
2.838655
2.825235
2.817674
2.833385
2.829077
2.8256
2.829046
2.814533
2.821042
2.827963
2.861453
2.834692
2.822928
2.821984
2.823367
2.822447
2.825797
2.814742
3.443047
2.84131
2.821127
3.469219
2.826953
2.822224
3.465138
2.829374
2.810055
2.848133
2.83922
3.360252
2.826558
2.829958
2.825171
3.259432
2.843126
2.820855
2.814277
2.83022
2.842627
2.820085
2.829789
2.830194
2.826103
2.824714
2.838139
2.833524
2.825533
2.851227
2.814209
2.821394
2.826592
2.816784
2.839327
2.82506
3.333148
2.828055
2.816879
2.80797
2.823127
3.422248
3.427935
2.839407
2.836993
2.808951
2.829279
2.830059
2.805157
2.808206
2.824204
2.811244
2.81122
3.345582
2.838145
2.822021
2.826489
2.809345
2.812602
2.812692
2.832595
2.84812
2.818292
2.858127
2.84185
2.831222
2.822754
2.832483
2.82365
2.826557
3.36203
2.830822
2.833318
2.815898
2.828992
2.830998
2.832775
2.846563
2.810587
2.828081
2.833575
2.841269
2.825958
2.832925
2.831846
2.848836
2.82813
2.831839
2.817536
2.809539
2.815877
2.815782
2.833574
2.822836
2.843136
2.827566
2.823807
3.213861
2.843598
2.823368
2.836974
3.350201
2.840209
2.831008
2.803679
2.833284
2.849433
2.798715
2.836528
2.823019
2.817339
2.815131
2.856494
2.834855
2.818209
2.826128
2.830049
3.35661
2.821145
2.823096
3.213532
2.817429
2.823072
2.822085
2.821682
2.809459
2.840156
3.360609
2.836144
2.831869
2.812864
2.841353
2.831015
2.847828
2.826897
2.822725
2.840775
3.232412
2.852668
2.814662
2.820565
3.347485
2.85326
2.824695
2.822037
3.483555
2.835869
2.822322
2.833181
2.830428
2.817683
2.839313
2.83988
2.832731
2.836221
3.355531
2.842552
2.844152
2.824607
2.822928
2.827488
3.324638
2.829732
2.82209
2.821154
3.453658
2.831643
2.824242
2.821095
2.84342
3.283737
2.833922
2.854304
2.829109
2.82698
2.843653
3.410771
2.837968
2.828327
2.824579
2.835921
2.84189
2.835679
2.840072
2.825403
2.830045
2.830041
2.812946
2.836322
2.842673
2.828066
2.844633
2.840526
3.149159
2.808402
2.823718
2.818548
2.84713
3.348289
2.828136
3.357107
2.829806
2.846138
2.844775
2.824765
2.849047
2.824587
2.826378
2.867067
2.849644
3.446089
3.137021
2.82591
2.813678
2.830512
2.863575
2.828001
2.818536
2.837796
3.251838
2.818983
2.818483
2.838502
2.824402
2.816138
2.813614
2.828915
2.837639
2.837156
2.827659
2.830486
2.835293
2.815275
2.838893
2.831405
2.842679
2.81249
2.826256
3.253782
2.823735
2.83011
2.840522
2.821933
2.825488
2.813524
2.823205
2.834626
2.847433
2.838693
2.824086
2.840915
2.821186
2.829744
2.824699
2.835776
2.848951
2.821161
2.824434
2.837552
3.401998
3.409144
2.828961
2.822845
3.30109
2.832122
2.855861
2.849944
3.315596
2.860374
2.824964
2.84632
3.40114
2.841349
2.840373
3.47052
2.818526
2.851337
2.820946
2.835536
2.827283
2.833734
2.825016
2.811094
2.832383
2.819536
2.823868
2.828595
2.833133
2.818134
2.822787
2.817383
2.82424
2.819117
2.818504
2.838208
2.816216
2.830182
2.818348
2.814404
2.843908
2.828007
2.832498
2.832693
2.827195
2.839522
2.825001
2.817834
3.120593
2.82933
2.814632
2.835439
3.382594
2.821649
2.828793
2.822203
2.830361
2.831129
2.829977
2.815547
3.539955
2.825485
2.850854
2.826249
2.876512
2.852263
2.831972
2.828072
3.047494
2.841355
2.817812
3.193718
3.290099
2.820234
2.832916
2.821637
3.308025
2.821814
2.814813
2.830271
2.839303
2.833075
2.837678
2.821786
2.816858
2.831226
3.198953
2.823485
2.862839
2.822502
2.81477
2.831306
2.831161
2.816295
2.824483
2.818407
3.414784
2.868234
2.81296
3.23117
3.31332
3.137795
2.828878
2.825304
3.264083
2.812569
2.823216
2.838029
2.85367
2.818306
2.829704
2.821071
2.83228
2.822272
2.822465
2.834658
2.820344
3.266585
2.863909
2.809315
2.826194
2.835742
2.830367
2.822366
2.842852
2.833262
2.830881
2.819094
2.845138
2.836096
2.830896
2.818949
2.824889
2.843123
3.138075
2.821849
2.847478
2.808572
3.268092
2.849298
2.815647
2.826357
2.826795
3.216673
2.826434
2.840211
2.816568
2.853946
2.816305
2.832043
2.844161
2.83349
2.820465
2.841678
3.322509
2.835425
2.838522
2.858663
3.303997
2.83559
2.841577
2.818524
3.251876
3.433894
3.43243
2.820551
2.832821
2.812078
2.82415
2.855364
2.865522
2.81173
2.82342
2.85887
2.825289
2.811463
2.828724
2.834563
2.841351
2.840125
2.815499
2.838618
3.276452
2.858586
2.817528
2.825897
